Result for strategy abbas8
============================================================== BACKTESTING REPORT =============================================================
|         Pair |   Entries |   Avg Profit % |   Cum Profit % |   Tot Profit USDT |   Tot Profit % |    Avg Duration |   Win  Draw  Loss  Win% |
|--------------+-----------+----------------+----------------+-------------------+----------------+-----------------+-------------------------|
|   LAZIO/USDT |       142 |           1.03 |         146.14 |           146.261 |          14.48 |         1:16:00 |   120     7    15  84.5 |
|    LOKA/USDT |       137 |           0.97 |         133.18 |           133.194 |          13.19 |         1:24:00 |   112    11    14  81.8 |
|   PORTO/USDT |       111 |           1.18 |         131.28 |           131.394 |          13.01 |         1:40:00 |    89    13     9  80.2 |
|    BETA/USDT |       116 |           0.97 |         112.89 |           112.804 |          11.17 |         1:31:00 |    95     9    12  81.9 |
|  SANTOS/USDT |       143 |           0.77 |         109.94 |           110.020 |          10.89 |         1:18:00 |   114    10    19  79.7 |
|     MBL/USDT |        97 |           1.10 |         106.32 |           106.421 |          10.54 |         0:58:00 |    82     5    10  84.5 |
|     LDO/USDT |        91 |           1.13 |         103.12 |           103.216 |          10.22 |         1:26:00 |    74     8     9  81.3 |
|     GMT/USDT |       119 |           0.87 |         103.11 |           103.165 |          10.21 |         1:46:00 |    93    13    13  78.2 |
|    KP3R/USDT |        84 |           1.25 |         104.59 |           100.467 |           9.95 |         2:32:00 |    69     8     7  82.1 |
|    DEGO/USDT |        73 |           1.37 |         100.07 |           100.155 |           9.92 |         0:48:00 |    64     3     6  87.7 |
|   FORTH/USDT |        95 |           1.03 |          98.32 |            98.377 |           9.74 |         1:06:00 |    82     1    12  86.3 |
|     REQ/USDT |        62 |           1.57 |          97.46 |            97.467 |           9.65 |         1:03:00 |    55     4     3  88.7 |
|    WING/USDT |       100 |           0.92 |          91.99 |            92.066 |           9.12 |         1:17:00 |    80     6    14  80.0 |
|     PYR/USDT |        62 |           1.47 |          91.37 |            91.456 |           9.06 |         1:49:00 |    49    12     1  79.0 |
|      OG/USDT |       105 |           0.86 |          90.08 |            90.002 |           8.91 |         1:19:00 |    84    10    11  80.0 |
|    PERP/USDT |        70 |           1.27 |          88.82 |            88.906 |           8.80 |         2:17:00 |    58     7     5  82.9 |
|    OOKI/USDT |        89 |           0.99 |          88.37 |            88.460 |           8.76 |         1:12:00 |    76     2    11  85.4 |
|     VGX/USDT |       150 |           0.58 |          87.71 |            87.778 |           8.69 |         1:16:00 |   121     7    22  80.7 |
|  BURGER/USDT |       142 |           0.61 |          85.97 |            86.029 |           8.52 |         1:05:00 |   118     3    21  83.1 |
|     ASR/USDT |        82 |           1.05 |          85.91 |            85.839 |           8.50 |         1:59:00 |    56    20     6  68.3 |
|     INJ/USDT |        60 |           1.42 |          84.99 |            84.854 |           8.40 |         2:16:00 |    47    10     3  78.3 |
|     MDX/USDT |        66 |           1.28 |          84.34 |            84.417 |           8.36 |         2:28:00 |    54     7     5  81.8 |
|    MASK/USDT |        68 |           1.15 |          78.19 |            78.196 |           7.74 |         1:59:00 |    51    13     4  75.0 |
|    UNFI/USDT |        90 |           0.82 |          73.39 |            73.235 |           7.25 |         1:50:00 |    67    11    12  74.4 |
|     DCR/USDT |        31 |           2.28 |          70.75 |            70.804 |           7.01 |         2:19:00 |    28     2     1  90.3 |
|     FET/USDT |        46 |           1.50 |          68.79 |            68.797 |           6.81 |         1:03:00 |    40     3     3  87.0 |
|    DOCK/USDT |        33 |           1.96 |          64.61 |            64.667 |           6.40 |         1:57:00 |    28     4     1  84.8 |
|   MULTI/USDT |        34 |           1.87 |          63.50 |            63.565 |           6.29 |         1:54:00 |    29     3     2  85.3 |
|    HIGH/USDT |        54 |           1.15 |          61.89 |            61.949 |           6.13 |         1:47:00 |    42     7     5  77.8 |
|     WTC/USDT |        45 |           1.37 |          61.67 |            61.624 |           6.10 |         1:36:00 |    37     5     3  82.2 |
|      OP/USDT |        59 |           1.03 |          60.92 |            60.981 |           6.04 |         2:51:00 |    41    13     5  69.5 |
|     EPX/USDT |        54 |           1.09 |          58.62 |            58.676 |           5.81 |         1:02:00 |    45     4     5  83.3 |
|     NMR/USDT |        78 |           0.74 |          57.99 |            58.005 |           5.74 |         1:44:00 |    61     7    10  78.2 |
|     FLM/USDT |        46 |           1.22 |          55.90 |            55.891 |           5.53 |         1:17:00 |    40     2     4  87.0 |
|     CVX/USDT |        41 |           1.35 |          55.53 |            55.580 |           5.50 |         2:12:00 |    32     6     3  78.0 |
|     PSG/USDT |        52 |           1.01 |          52.42 |            52.451 |           5.19 |         3:22:00 |    40     7     5  76.9 |
|    DREP/USDT |        76 |           0.67 |          50.97 |            50.741 |           5.02 |         1:40:00 |    56    10    10  73.7 |
|     TWT/USDT |        48 |           1.05 |          50.50 |            50.376 |           4.99 |         1:31:00 |    36     9     3  75.0 |
|   SPELL/USDT |        73 |           0.69 |          50.16 |            50.207 |           4.97 |         1:33:00 |    53    11     9  72.6 |
|  ALPINE/USDT |       100 |           0.50 |          49.90 |            49.934 |           4.94 |         2:02:00 |    73    13    14  73.0 |
|     KDA/USDT |        31 |           1.59 |          49.28 |            49.320 |           4.88 |         1:17:00 |    27     2     2  87.1 |
|    VIDT/USDT |       130 |           0.37 |          47.65 |            47.691 |           4.72 |         1:00:00 |   100     8    22  76.9 |
|   LEVER/USDT |        80 |           0.59 |          47.34 |            47.389 |           4.69 |         1:23:00 |    60     9    11  75.0 |
|    VITE/USDT |        54 |           0.86 |          46.45 |            46.491 |           4.60 |         1:10:00 |    42     5     7  77.8 |
|    ALCX/USDT |        50 |           0.93 |          46.29 |            46.337 |           4.59 |         1:37:00 |    38     6     6  76.0 |
|    API3/USDT |        68 |           0.68 |          45.92 |            45.945 |           4.55 |         2:43:00 |    49    11     8  72.1 |
|    FIRO/USDT |        72 |           0.64 |          45.81 |            45.771 |           4.53 |         2:46:00 |    53    10     9  73.6 |
|     IMX/USDT |        48 |           0.95 |          45.59 |            45.629 |           4.52 |         1:52:00 |    35     9     4  72.9 |
|     MDT/USDT |        50 |           0.91 |          45.49 |            45.531 |           4.51 |         2:20:00 |    40     5     5  80.0 |
|     PHB/USDT |        28 |           1.61 |          45.15 |            44.976 |           4.45 |         0:34:00 |    24     1     3  85.7 |
|     RAD/USDT |        87 |           0.51 |          44.31 |            44.312 |           4.39 |         2:34:00 |    62    12    13  71.3 |
|   OCEAN/USDT |        30 |           1.46 |          43.85 |            43.820 |           4.34 |         2:02:00 |    25     4     1  83.3 |
|    AGLD/USDT |        70 |           0.62 |          43.27 |            43.309 |           4.29 |         2:14:00 |    55     4    11  78.6 |
|     TKO/USDT |        44 |           0.97 |          42.52 |            42.555 |           4.21 |         2:48:00 |    32     7     5  72.7 |
|     SNX/USDT |        43 |           0.98 |          42.14 |            42.159 |           4.17 |         2:58:00 |    31     9     3  72.1 |
|     LSK/USDT |        23 |           1.78 |          40.90 |            40.903 |           4.05 |         1:19:00 |    20     2     1  87.0 |
|    VTHO/USDT |        35 |           1.16 |          40.64 |            40.683 |           4.03 |         4:31:00 |    24     9     2  68.6 |
|    ROSE/USDT |        25 |           1.62 |          40.52 |            40.558 |           4.02 |         1:50:00 |    19     6     0   100 |
|     ATM/USDT |        48 |           0.84 |          40.46 |            40.506 |           4.01 |         4:23:00 |    32    11     5  66.7 |
|    NULS/USDT |        65 |           0.62 |          40.49 |            40.446 |           4.00 |         2:44:00 |    46    10     9  70.8 |
|     PNT/USDT |        41 |           0.96 |          39.32 |            39.292 |           3.89 |         2:16:00 |    31     6     4  75.6 |
|     BAR/USDT |        47 |           0.81 |          37.98 |            38.008 |           3.76 |         2:37:00 |    35     7     5  74.5 |
|    STPT/USDT |        43 |           0.87 |          37.54 |            37.580 |           3.72 |         4:28:00 |    33     6     4  76.7 |
|   POLYX/USDT |        23 |           1.60 |          36.91 |            36.939 |           3.66 |         2:17:00 |    19     3     1  82.6 |
|     ORN/USDT |        42 |           0.87 |          36.56 |            36.596 |           3.62 |         2:29:00 |    31     8     3  73.8 |
|    GLMR/USDT |        58 |           0.62 |          36.00 |            35.910 |           3.56 |         2:11:00 |    43     9     6  74.1 |
|     WRX/USDT |        37 |           0.96 |          35.47 |            35.498 |           3.51 |         3:19:00 |    29     4     4  78.4 |
|    CTXC/USDT |        84 |           0.42 |          35.42 |            35.461 |           3.51 |         3:05:00 |    59    12    13  70.2 |
|     LTO/USDT |        58 |           0.59 |          34.31 |            34.313 |           3.40 |         2:29:00 |    45     5     8  77.6 |
|    PERL/USDT |        48 |           0.69 |          33.07 |            33.100 |           3.28 |         2:56:00 |    34     9     5  70.8 |
|     BSW/USDT |        32 |           1.03 |          33.07 |            33.072 |           3.27 |         2:00:00 |    23     6     3  71.9 |
|     CLV/USDT |        43 |           0.75 |          32.26 |            32.301 |           3.20 |         2:14:00 |    33     4     6  76.7 |
|   SUPER/USDT |        41 |           0.79 |          32.33 |            32.225 |           3.19 |         3:11:00 |    31     6     4  75.6 |
|     SYS/USDT |        39 |           0.82 |          31.82 |            31.724 |           3.14 |         2:12:00 |    31     4     4  79.5 |
|    RARE/USDT |        85 |           0.37 |          31.60 |            31.615 |           3.13 |         1:57:00 |    63     9    13  74.1 |
|     REI/USDT |        64 |           0.48 |          30.98 |            31.006 |           3.07 |         1:05:00 |    51     2    11  79.7 |
|    SCRT/USDT |        26 |           1.18 |          30.65 |            30.629 |           3.03 |         1:27:00 |    22     1     3  84.6 |
|    HARD/USDT |        36 |           0.85 |          30.60 |            30.607 |           3.03 |         1:21:00 |    28     3     5  77.8 |
|    AKRO/USDT |        57 |           0.53 |          30.14 |            30.168 |           2.99 |         1:01:00 |    46     1    10  80.7 |
|   FRONT/USDT |        50 |           0.60 |          29.80 |            29.810 |           2.95 |         4:48:00 |    36     7     7  72.0 |
|    FARM/USDT |        63 |           0.44 |          27.51 |            27.512 |           2.72 |         5:06:00 |    44     9    10  69.8 |
|     FTM/USDT |        29 |           0.94 |          27.22 |            27.314 |           2.70 |         2:31:00 |    21     6     2  72.4 |
|    FLUX/USDT |        69 |           0.39 |          27.06 |            27.084 |           2.68 |         2:23:00 |    52     6    11  75.4 |
|     DAR/USDT |        88 |           0.30 |          26.76 |            26.560 |           2.63 |         1:44:00 |    65     9    14  73.9 |
|     XNO/USDT |        24 |           1.10 |          26.31 |            26.335 |           2.61 |         0:41:00 |    21     0     3  87.5 |
|     BEL/USDT |        44 |           0.59 |          25.97 |            25.985 |           2.57 |         1:13:00 |    34     3     7  77.3 |
|     XVG/USDT |        18 |           1.41 |          25.34 |            25.369 |           2.51 |         6:28:00 |    14     3     1  77.8 |
|     BLZ/USDT |        45 |           0.55 |          24.84 |            24.860 |           2.46 |         2:30:00 |    34     4     7  75.6 |
|     CFX/USDT |        41 |           0.60 |          24.75 |            24.766 |           2.45 |         3:04:00 |    26    11     4  63.4 |
|     ACH/USDT |        59 |           0.41 |          24.45 |            24.466 |           2.42 |         2:23:00 |    43     7     9  72.9 |
|     RSR/USDT |        50 |           0.49 |          24.35 |            24.370 |           2.41 |         2:41:00 |    37     6     7  74.0 |
|    ARPA/USDT |        25 |           0.96 |          24.03 |            24.053 |           2.38 |         2:27:00 |    17     6     2  68.0 |
|   ALPHA/USDT |        19 |           1.26 |          23.99 |            23.939 |           2.37 |         2:58:00 |    14     4     1  73.7 |
|     ACM/USDT |        47 |           0.50 |          23.69 |            23.651 |           2.34 |         2:04:00 |    35     6     6  74.5 |
|    BICO/USDT |        49 |           0.47 |          23.09 |            23.111 |           2.29 |         2:26:00 |    33     9     7  67.3 |
|     OXT/USDT |        23 |           1.00 |          23.08 |            23.105 |           2.29 |         2:44:00 |    17     4     2  73.9 |
|    RNDR/USDT |        93 |           0.25 |          22.99 |            23.013 |           2.28 |         1:56:00 |    69     8    16  74.2 |
|    ATOM/USDT |        12 |           1.88 |          22.51 |            22.509 |           2.23 |         1:52:00 |    11     1     0   100 |
|    ASTR/USDT |        46 |           0.47 |          21.58 |            21.597 |           2.14 |         2:23:00 |    31     9     6  67.4 |
|      OM/USDT |        34 |           0.63 |          21.47 |            21.474 |           2.13 |         2:41:00 |    24     6     4  70.6 |
|    CITY/USDT |        29 |           0.74 |          21.43 |            21.445 |           2.12 |         6:12:00 |    22     4     3  75.9 |
|   MATIC/USDT |        21 |           1.02 |          21.35 |            21.364 |           2.12 |         2:54:00 |    16     4     1  76.2 |
|     ETC/USDT |        27 |           0.79 |          21.29 |            21.293 |           2.11 |         4:19:00 |    15    11     1  55.6 |
|     QNT/USDT |        41 |           0.52 |          21.27 |            21.281 |           2.11 |         1:47:00 |    32     4     5  78.0 |
|    FIDA/USDT |        97 |           0.22 |          21.11 |            21.163 |           2.10 |         2:11:00 |    74     6    17  76.3 |
|    MINA/USDT |        25 |           0.84 |          21.02 |            21.019 |           2.08 |         2:55:00 |    19     3     3  76.0 |
|    BIFI/USDT |        43 |           0.49 |          20.90 |            20.912 |           2.07 |         1:52:00 |    30     7     6  69.8 |
|    IDEX/USDT |        71 |           0.29 |          20.24 |            20.263 |           2.01 |         1:30:00 |    51     8    12  71.8 |
|     OGN/USDT |        62 |           0.32 |          20.07 |            19.966 |           1.98 |         2:52:00 |    39    15     8  62.9 |
|     PHA/USDT |        68 |           0.29 |          19.64 |            19.661 |           1.95 |         3:45:00 |    51     5    12  75.0 |
|     KEY/USDT |        55 |           0.35 |          19.46 |            19.477 |           1.93 |         1:36:00 |    38     9     8  69.1 |
|     ACA/USDT |        62 |           0.31 |          19.38 |            19.399 |           1.92 |         1:52:00 |    46     6    10  74.2 |
|     FOR/USDT |        31 |           0.61 |          19.05 |            19.066 |           1.89 |         3:13:00 |    22     5     4  71.0 |
|     FIS/USDT |        46 |           0.41 |          19.01 |            18.973 |           1.88 |         2:12:00 |    35     4     7  76.1 |
|     WOO/USDT |        35 |           0.54 |          18.93 |            18.943 |           1.88 |         3:01:00 |    25     6     4  71.4 |
|     UMA/USDT |        47 |           0.40 |          18.80 |            18.923 |           1.87 |         1:15:00 |    38     0     9  80.9 |
|     LIT/USDT |        66 |           0.28 |          18.57 |            18.590 |           1.84 |         2:20:00 |    44    12    10  66.7 |
|     SFP/USDT |        35 |           0.52 |          18.22 |            18.160 |           1.80 |         3:20:00 |    25     5     5  71.4 |
|     ADX/USDT |        13 |           1.31 |          17.02 |            16.999 |           1.68 |         0:57:00 |    12     0     1  92.3 |
|     TVK/USDT |        44 |           0.36 |          15.82 |            15.829 |           1.57 |         2:47:00 |    28    10     6  63.6 |
|     XVS/USDT |        40 |           0.39 |          15.44 |            15.459 |           1.53 |         4:23:00 |    30     4     6  75.0 |
|     CKB/USDT |        16 |           0.96 |          15.35 |            15.367 |           1.52 |         1:28:00 |    13     1     2  81.2 |
|     ENS/USDT |        39 |           0.39 |          15.07 |            15.067 |           1.49 |         2:40:00 |    27     7     5  69.2 |
|     DIA/USDT |        45 |           0.33 |          14.77 |            14.773 |           1.46 |         3:43:00 |    34     4     7  75.6 |
|     UTK/USDT |        29 |           0.51 |          14.73 |            14.741 |           1.46 |         3:14:00 |    20     4     5  69.0 |
|     CHZ/USDT |        20 |           0.72 |          14.40 |            14.397 |           1.43 |         2:52:00 |    12     7     1  60.0 |
|     NKN/USDT |        28 |           0.51 |          14.38 |            14.377 |           1.42 |         2:47:00 |    19     5     4  67.9 |
|     BNX/USDT |        67 |           0.23 |          15.16 |            14.216 |           1.41 |         1:55:00 |    48     7    12  71.6 |
|     TRU/USDT |        42 |           0.33 |          13.83 |            13.819 |           1.37 |         5:23:00 |    28     8     6  66.7 |
|    MBOX/USDT |        27 |           0.50 |          13.57 |            13.556 |           1.34 |         2:09:00 |    18     6     3  66.7 |
|   STORJ/USDT |        26 |           0.52 |          13.59 |            13.516 |           1.34 |         3:41:00 |    16     7     3  61.5 |
|   VOXEL/USDT |        84 |           0.16 |          13.46 |            13.453 |           1.33 |         2:15:00 |    60     9    15  71.4 |
|     ZEC/USDT |         9 |           1.48 |          13.34 |            13.349 |           1.32 |         3:47:00 |     6     3     0   100 |
|    RUNE/USDT |        27 |           0.49 |          13.21 |            13.192 |           1.31 |         4:19:00 |    18     6     3  66.7 |
|     XMR/USDT |         4 |           3.27 |          13.07 |            13.071 |           1.29 |         2:02:00 |     3     1     0   100 |
|    IOST/USDT |        11 |           1.18 |          13.02 |            13.031 |           1.29 |         2:51:00 |     8     3     0   100 |
|     HFT/USDT |        24 |           0.53 |          12.78 |            12.790 |           1.27 |         0:49:00 |    20     0     4  83.3 |
|     YGG/USDT |        58 |           0.22 |          12.51 |            12.537 |           1.24 |         4:02:00 |    38    12     8  65.5 |
|     STG/USDT |        25 |           0.47 |          11.82 |            11.824 |           1.17 |         2:56:00 |    18     3     4  72.0 |
|     APE/USDT |        51 |           0.23 |          11.80 |            11.806 |           1.17 |         1:48:00 |    36     8     7  70.6 |
|    LINK/USDT |         6 |           1.95 |          11.71 |            11.715 |           1.16 |         0:39:00 |     6     0     0   100 |
|    GALA/USDT |        25 |           0.45 |          11.22 |            11.218 |           1.11 |         3:06:00 |    17     4     4  68.0 |
|    HOOK/USDT |        10 |           1.06 |          10.60 |            10.605 |           1.05 |         0:46:00 |     9     0     1  90.0 |
|     RLC/USDT |        28 |           0.38 |          10.60 |            10.602 |           1.05 |         1:55:00 |    21     3     4  75.0 |
|    AVAX/USDT |         6 |           1.77 |          10.61 |            10.599 |           1.05 |         1:21:00 |     5     1     0   100 |
|     JUV/USDT |        57 |           0.19 |          10.58 |            10.592 |           1.05 |         3:12:00 |    41     6    10  71.9 |
|      SC/USDT |        12 |           0.84 |          10.13 |            10.136 |           1.00 |         1:34:00 |     9     2     1  75.0 |
|     SLP/USDT |        68 |           0.14 |           9.84 |             9.848 |           0.98 |         1:46:00 |    49     8    11  72.1 |
|     ICP/USDT |        10 |           0.98 |           9.83 |             9.835 |           0.97 |         2:29:00 |     6     4     0   100 |
|     VET/USDT |         8 |           1.22 |           9.77 |             9.776 |           0.97 |         3:00:00 |     5     3     0   100 |
|     FIO/USDT |        38 |           0.25 |           9.65 |             9.651 |           0.96 |         3:06:00 |    27     5     6  71.1 |
|   MAGIC/USDT |         6 |           1.50 |           8.98 |             8.988 |           0.89 |         1:55:00 |     5     1     0   100 |
|      MC/USDT |        18 |           0.50 |           8.98 |             8.985 |           0.89 |         2:50:00 |    14     1     3  77.8 |
|   STEEM/USDT |        22 |           0.40 |           8.81 |             8.820 |           0.87 |         1:32:00 |    15     3     4  68.2 |
|     ILV/USDT |         4 |           2.19 |           8.78 |             8.783 |           0.87 |         1:04:00 |     4     0     0   100 |
|      QI/USDT |        86 |           0.10 |           8.68 |             8.694 |           0.86 |         1:53:00 |    60    11    15  69.8 |
|     YFI/USDT |        16 |           0.54 |           8.65 |             8.662 |           0.86 |         7:03:00 |    12     2     2  75.0 |
|    DODO/USDT |        33 |           0.26 |           8.53 |             8.536 |           0.85 |         1:47:00 |    24     3     6  72.7 |
|    MANA/USDT |         7 |           1.16 |           8.15 |             8.089 |           0.80 |         2:26:00 |     5     2     0   100 |
|     SXP/USDT |         5 |           1.57 |           7.86 |             7.867 |           0.78 |         2:53:00 |     4     1     0   100 |
|     MTL/USDT |        49 |           0.16 |           7.84 |             7.853 |           0.78 |         3:56:00 |    30    10     9  61.2 |
|     ETH/USDT |         4 |           1.93 |           7.72 |             7.723 |           0.76 |         2:20:00 |     3     1     0   100 |
|    NEAR/USDT |        20 |           0.39 |           7.78 |             7.650 |           0.76 |         2:21:00 |    14     4     2  70.0 |
|    BAND/USDT |        47 |           0.16 |           7.45 |             7.523 |           0.74 |         1:27:00 |    35     2    10  74.5 |
|    LINA/USDT |        15 |           0.49 |           7.35 |             7.356 |           0.73 |         5:39:00 |    11     2     2  73.3 |
|     BNT/USDT |         5 |           1.46 |           7.31 |             7.312 |           0.72 |         3:51:00 |     3     2     0   100 |
|     ZEN/USDT |         7 |           0.98 |           6.86 |             6.853 |           0.68 |         4:57:00 |     4     3     0   100 |
|    COTI/USDT |        11 |           0.61 |           6.75 |             6.768 |           0.67 |         2:52:00 |     8     2     1  72.7 |
|     CRV/USDT |        29 |           0.23 |           6.72 |             6.727 |           0.67 |         4:45:00 |    18     7     4  62.1 |
| AUCTION/USDT |        55 |           0.12 |           6.65 |             6.648 |           0.66 |         2:01:00 |    37     9     9  67.3 |
|    TROY/USDT |        70 |           0.09 |           6.59 |             6.592 |           0.65 |         2:12:00 |    49     7    14  70.0 |
|    HIVE/USDT |        38 |           0.17 |           6.55 |             6.548 |           0.65 |         3:02:00 |    27     4     7  71.1 |
|     AVA/USDT |        33 |           0.19 |           6.35 |             6.359 |           0.63 |         2:22:00 |    24     3     6  72.7 |
|      DF/USDT |        58 |           0.11 |           6.33 |             6.323 |           0.63 |         3:08:00 |    38     9    11  65.5 |
|    REEF/USDT |        28 |           0.22 |           6.21 |             6.218 |           0.62 |         2:43:00 |    18     6     4  64.3 |
|    BOND/USDT |        85 |           0.07 |           6.06 |             6.077 |           0.60 |         1:25:00 |    63     6    16  74.1 |
|  BADGER/USDT |        22 |           0.27 |           6.04 |             6.042 |           0.60 |         3:19:00 |    14     4     4  63.6 |
|     MKR/USDT |        10 |           0.56 |           5.62 |             5.622 |           0.56 |         2:07:00 |     6     3     1  60.0 |
|     CVP/USDT |        52 |           0.10 |           5.39 |             5.390 |           0.53 |         1:15:00 |    37     3    12  71.2 |
|    KLAY/USDT |        12 |           0.43 |           5.13 |             5.130 |           0.51 |         5:02:00 |     8     2     2  66.7 |
|     TRX/USDT |         9 |           0.50 |           4.51 |             4.510 |           0.45 |         2:49:00 |     5     3     1  55.6 |
|     GRT/USDT |        12 |           0.34 |           4.13 |             4.129 |           0.41 |         5:43:00 |     7     3     2  58.3 |
|    HBAR/USDT |         2 |           2.01 |           4.03 |             4.022 |           0.40 |         2:10:00 |     2     0     0   100 |
|      AR/USDT |        32 |           0.12 |           3.83 |             3.821 |           0.38 |         2:56:00 |    19     8     5  59.4 |
|    FLOW/USDT |        18 |           0.21 |           3.82 |             3.820 |           0.38 |         2:50:00 |    14     1     3  77.8 |
|     XTZ/USDT |         2 |           1.89 |           3.77 |             3.774 |           0.37 |         0:50:00 |     2     0     0   100 |
|    OSMO/USDT |         2 |           1.69 |           3.37 |             3.377 |           0.33 |         0:01:00 |     2     0     0   100 |
|     EUR/USDT |         1 |           3.17 |           3.17 |             3.170 |           0.31 |         0:06:00 |     1     0     0   100 |
|     TRB/USDT |        65 |           0.05 |           2.94 |             2.941 |           0.29 |         1:52:00 |    46     8    11  70.8 |
|    MOVR/USDT |        30 |           0.10 |           2.87 |             2.870 |           0.28 |         3:50:00 |    19     6     5  63.3 |
|    POND/USDT |        63 |           0.04 |           2.48 |             2.484 |           0.25 |         2:05:00 |    43     8    12  68.3 |
|    GHST/USDT |         2 |           1.19 |           2.38 |             2.385 |           0.24 |         5:10:00 |     1     1     0   100 |
|    IOTA/USDT |         5 |           0.39 |           1.97 |             1.979 |           0.20 |         1:04:00 |     4     0     1  80.0 |
|     DOT/USDT |         2 |           0.96 |           1.92 |             1.919 |           0.19 |         2:20:00 |     1     1     0   100 |
|    IRIS/USDT |        28 |           0.06 |           1.58 |             1.579 |           0.16 |         2:26:00 |    19     4     5  67.9 |
|    DYDX/USDT |        39 |           0.03 |           1.07 |             1.077 |           0.11 |         2:26:00 |    24     9     6  61.5 |
|     NEO/USDT |        11 |           0.08 |           0.93 |             0.936 |           0.09 |         2:18:00 |     8     1     2  72.7 |
|     ADA/USDT |         8 |           0.10 |           0.77 |             0.775 |           0.08 |         3:14:00 |     4     3     1  50.0 |
|    ALGO/USDT |         5 |           0.09 |           0.46 |             0.459 |           0.05 |         1:21:00 |     4     0     1  80.0 |
|    DUSK/USDT |        39 |           0.01 |           0.38 |             0.349 |           0.03 |         3:13:00 |    28     4     7  71.8 |
|    DASH/USDT |         4 |           0.03 |           0.13 |             0.134 |           0.01 |         6:58:00 |     1     3     0   100 |
|     BTC/USDT |         0 |           0.00 |           0.00 |             0.000 |           0.00 |            0:00 |     0     0     0     0 |
|    TUSD/USDT |         0 |           0.00 |           0.00 |             0.000 |           0.00 |            0:00 |     0     0     0     0 |
|    USDC/USDT |         0 |           0.00 |           0.00 |             0.000 |           0.00 |            0:00 |     0     0     0     0 |
|    BUSD/USDT |         0 |           0.00 |           0.00 |             0.000 |           0.00 |            0:00 |     0     0     0     0 |
|     GBP/USDT |         0 |           0.00 |           0.00 |             0.000 |           0.00 |            0:00 |     0     0     0     0 |
|    PAXG/USDT |         0 |           0.00 |           0.00 |             0.000 |           0.00 |            0:00 |     0     0     0     0 |
|    USDP/USDT |         0 |           0.00 |           0.00 |             0.000 |           0.00 |            0:00 |     0     0     0     0 |
|     WIN/USDT |        18 |          -0.00 |          -0.05 |            -0.050 |          -0.00 |         1:33:00 |    14     0     4  77.8 |
|    SHIB/USDT |        17 |          -0.01 |          -0.12 |            -0.118 |          -0.01 |         3:32:00 |    11     3     3  64.7 |
|     LTC/USDT |         9 |          -0.02 |          -0.14 |            -0.143 |          -0.01 |         7:36:00 |     4     4     1  44.4 |
|    ARDR/USDT |        19 |          -0.01 |          -0.15 |            -0.146 |          -0.01 |         2:47:00 |    13     2     4  68.4 |
|     MLN/USDT |        28 |          -0.02 |          -0.63 |            -0.627 |          -0.06 |         1:58:00 |    21     1     6  75.0 |
|    COMP/USDT |        13 |          -0.05 |          -0.71 |            -0.712 |          -0.07 |         6:12:00 |     9     2     2  69.2 |
|     RVN/USDT |        36 |          -0.03 |          -1.07 |            -1.072 |          -0.11 |         3:02:00 |    21     9     6  58.3 |
|     STX/USDT |        30 |          -0.04 |          -1.10 |            -1.090 |          -0.11 |         2:06:00 |    21     3     6  70.0 |
|     JOE/USDT |        55 |          -0.02 |          -1.32 |            -1.319 |          -0.13 |         3:31:00 |    35    10    10  63.6 |
|     BAT/USDT |         4 |          -0.35 |          -1.40 |            -1.391 |          -0.14 |         3:56:00 |     3     0     1  75.0 |
|     SUN/USDT |        25 |          -0.07 |          -1.72 |            -1.719 |          -0.17 |         5:00:00 |    16     4     5  64.0 |
|     XEC/USDT |        20 |          -0.09 |          -1.85 |            -1.851 |          -0.18 |         2:13:00 |    14     2     4  70.0 |
|     ZRX/USDT |        15 |          -0.14 |          -2.03 |            -1.953 |          -0.19 |         3:04:00 |     7     6     2  46.7 |
|     COS/USDT |        33 |          -0.06 |          -1.97 |            -1.974 |          -0.20 |         2:41:00 |    23     4     6  69.7 |
|     FIL/USDT |        22 |          -0.10 |          -2.30 |            -2.297 |          -0.23 |         2:38:00 |    17     1     4  77.3 |
|   AUDIO/USDT |        21 |          -0.11 |          -2.32 |            -2.325 |          -0.23 |         3:21:00 |     9     9     3  42.9 |
|    NEXO/USDT |         8 |          -0.30 |          -2.41 |            -2.412 |          -0.24 |         2:35:00 |     5     1     2  62.5 |
|    AAVE/USDT |        15 |          -0.19 |          -2.92 |            -2.922 |          -0.29 |         3:42:00 |     7     6     2  46.7 |
|     SKL/USDT |        19 |          -0.15 |          -2.94 |            -2.953 |          -0.29 |         2:26:00 |    12     3     4  63.2 |
|     FUN/USDT |         7 |          -0.45 |          -3.13 |            -3.132 |          -0.31 |         1:05:00 |     5     0     2  71.4 |
|    BTTC/USDT |         6 |          -0.53 |          -3.19 |            -3.196 |          -0.32 |         3:55:00 |     2     3     1  33.3 |
|     KNC/USDT |        33 |          -0.10 |          -3.19 |            -3.209 |          -0.32 |         3:13:00 |    18    10     5  54.5 |
|    ANKR/USDT |        21 |          -0.15 |          -3.22 |            -3.225 |          -0.32 |         3:01:00 |    14     3     4  66.7 |
|     BNB/USDT |         3 |          -1.17 |          -3.50 |            -3.490 |          -0.35 |         0:27:00 |     2     0     1  66.7 |
|  PEOPLE/USDT |        92 |          -0.04 |          -3.62 |            -3.627 |          -0.36 |         2:22:00 |    60    15    17  65.2 |
|     ICX/USDT |        12 |          -0.31 |          -3.71 |            -3.717 |          -0.37 |         1:48:00 |     9     0     3  75.0 |
|   QUICK/USDT |        34 |          -0.12 |          -4.20 |            -3.770 |          -0.37 |         2:43:00 |    24     2     8  70.6 |
|    DENT/USDT |        17 |          -0.25 |          -4.21 |            -4.212 |          -0.42 |         4:37:00 |    10     3     4  58.8 |
|     LRC/USDT |        33 |          -0.13 |          -4.41 |            -4.381 |          -0.43 |         2:53:00 |    21     6     6  63.6 |
|     OMG/USDT |         4 |          -1.15 |          -4.60 |            -4.611 |          -0.46 |         3:24:00 |     2     1     1  50.0 |
|     AMP/USDT |        17 |          -0.29 |          -4.99 |            -4.995 |          -0.49 |         3:04:00 |    12     1     4  70.6 |
|     TLM/USDT |        15 |          -0.34 |          -5.05 |            -5.050 |          -0.50 |         4:12:00 |     9     3     3  60.0 |
|     KSM/USDT |         2 |          -2.82 |          -5.64 |            -5.646 |          -0.56 |         1:39:00 |     1     0     1  50.0 |
|    CAKE/USDT |         3 |          -1.93 |          -5.80 |            -5.808 |          -0.58 |         4:34:00 |     1     1     1  33.3 |
|     APT/USDT |        10 |          -0.60 |          -5.96 |            -5.957 |          -0.59 |         3:27:00 |     4     4     2  40.0 |
|    DEXE/USDT |        36 |          -0.17 |          -6.00 |            -6.002 |          -0.59 |         5:08:00 |    24     5     7  66.7 |
|    BAKE/USDT |        23 |          -0.27 |          -6.11 |            -6.117 |          -0.61 |         5:59:00 |    16     2     5  69.6 |
|     GMX/USDT |         9 |          -0.71 |          -6.40 |            -6.409 |          -0.63 |         2:44:00 |     4     3     2  44.4 |
|    IOTX/USDT |        15 |          -0.44 |          -6.58 |            -6.580 |          -0.65 |         2:16:00 |     9     3     3  60.0 |
|    CTSI/USDT |        20 |          -0.33 |          -6.62 |            -6.626 |          -0.66 |         3:13:00 |    11     5     4  55.0 |
|    LUNC/USDT |        24 |          -0.28 |          -6.80 |            -6.808 |          -0.67 |         2:39:00 |    18     1     5  75.0 |
|     DGB/USDT |        13 |          -0.54 |          -7.05 |            -7.059 |          -0.70 |         4:12:00 |     8     2     3  61.5 |
|   SUSHI/USDT |        17 |          -0.42 |          -7.18 |            -7.190 |          -0.71 |         3:31:00 |     9     5     3  52.9 |
|    QTUM/USDT |        11 |          -0.67 |          -7.35 |            -7.350 |          -0.73 |        11:49:00 |     5     4     2  45.5 |
|     XLM/USDT |         1 |          -7.62 |          -7.62 |            -7.630 |          -0.76 | 1 day, 11:42:00 |     0     0     1     0 |
|     BTS/USDT |        30 |          -0.25 |          -7.63 |            -7.635 |          -0.76 |         5:14:00 |    19     5     6  63.3 |
|    DOGE/USDT |        24 |          -0.32 |          -7.65 |            -7.651 |          -0.76 |         3:00:00 |    15     5     4  62.5 |
|   TFUEL/USDT |        34 |          -0.23 |          -7.72 |            -7.730 |          -0.77 |         4:31:00 |    19     9     6  55.9 |
|     EOS/USDT |         8 |          -1.00 |          -7.98 |            -7.984 |          -0.79 |         8:27:00 |     4     2     2  50.0 |
|    CELO/USDT |        14 |          -0.58 |          -8.12 |            -8.097 |          -0.80 |         3:23:00 |    11     0     3  78.6 |
|  ALPACA/USDT |        46 |          -0.18 |          -8.39 |            -8.400 |          -0.83 |         5:04:00 |    27    10     9  58.7 |
|   ALICE/USDT |         9 |          -0.94 |          -8.48 |            -8.484 |          -0.84 |         5:43:00 |     4     3     2  44.4 |
|     REN/USDT |        34 |          -0.25 |          -8.51 |            -8.502 |          -0.84 |         2:43:00 |    20     8     6  58.8 |
|     BCH/USDT |         2 |          -4.30 |          -8.60 |            -8.602 |          -0.85 |         2:02:00 |     0     1     1     0 |
|     GTC/USDT |        48 |          -0.18 |          -8.80 |            -8.801 |          -0.87 |         2:42:00 |    28    11     9  58.3 |
|     UNI/USDT |        10 |          -0.89 |          -8.88 |            -8.882 |          -0.88 |         5:10:00 |     5     3     2  50.0 |
|    CELR/USDT |        17 |          -0.54 |          -9.14 |            -9.145 |          -0.91 |         3:09:00 |    12     1     4  70.6 |
|     ERN/USDT |        63 |          -0.15 |          -9.63 |            -9.539 |          -0.94 |         2:34:00 |    40    10    13  63.5 |
|   JASMY/USDT |        80 |          -0.12 |          -9.53 |            -9.544 |          -0.94 |         2:12:00 |    55     9    16  68.8 |
|     ONE/USDT |        12 |          -0.80 |          -9.66 |            -9.669 |          -0.96 |         4:38:00 |     8     1     3  66.7 |
|     HOT/USDT |        21 |          -0.48 |         -10.02 |           -10.028 |          -0.99 |         4:08:00 |    10     7     4  47.6 |
|   CHESS/USDT |        62 |          -0.17 |         -10.36 |           -10.370 |          -1.03 |         2:30:00 |    43     6    13  69.4 |
|     PLA/USDT |        26 |          -0.40 |         -10.50 |           -10.508 |          -1.04 |         3:42:00 |    13     8     5  50.0 |
|     CHR/USDT |        19 |          -0.58 |         -11.11 |           -11.091 |          -1.10 |         2:30:00 |    11     3     5  57.9 |
|    STMX/USDT |        12 |          -0.93 |         -11.16 |           -11.176 |          -1.11 |         4:04:00 |     6     3     3  50.0 |
|     GAL/USDT |        60 |          -0.21 |         -12.36 |           -12.373 |          -1.23 |         2:05:00 |    43     4    13  71.7 |
|     XRP/USDT |        13 |          -1.01 |         -13.12 |           -13.107 |          -1.30 |         7:22:00 |     7     3     3  53.8 |
|    SAND/USDT |        16 |          -0.83 |         -13.22 |           -13.119 |          -1.30 |         5:11:00 |     6     7     3  37.5 |
|    DATA/USDT |        26 |          -0.51 |         -13.17 |           -13.179 |          -1.30 |         2:47:00 |    18     1     7  69.2 |
|    LUNA/USDT |       115 |          -0.12 |         -13.47 |           -13.518 |          -1.34 |         1:53:00 |    82    10    23  71.3 |
|   1INCH/USDT |         6 |          -2.27 |         -13.63 |           -13.629 |          -1.35 |         8:18:00 |     1     3     2  16.7 |
|     C98/USDT |        28 |          -0.54 |         -15.03 |           -15.037 |          -1.49 |         4:11:00 |    15     7     6  53.6 |
|     BAL/USDT |        11 |          -1.40 |         -15.38 |           -15.391 |          -1.52 |         8:44:00 |     5     3     3  45.5 |
|     WAN/USDT |        30 |          -0.54 |         -16.20 |           -16.156 |          -1.60 |         3:42:00 |    19     3     8  63.3 |
|       T/USDT |        26 |          -0.62 |         -16.15 |           -16.168 |          -1.60 |         3:43:00 |    16     2     8  61.5 |
|     RAY/USDT |        30 |          -0.54 |         -16.21 |           -16.222 |          -1.61 |         1:08:00 |    21     2     7  70.0 |
|     ELF/USDT |        42 |          -0.39 |         -16.50 |           -16.516 |          -1.64 |         2:59:00 |    24     7    11  57.1 |
|     RIF/USDT |        30 |          -0.56 |         -16.92 |           -16.941 |          -1.68 |         0:56:00 |    22     0     8  73.3 |
|     ZIL/USDT |        35 |          -0.49 |         -17.12 |           -17.134 |          -1.70 |         4:01:00 |    23     4     8  65.7 |
|     CTK/USDT |         8 |          -2.21 |         -17.66 |           -17.671 |          -1.75 |         5:06:00 |     3     2     3  37.5 |
|    POLS/USDT |        28 |          -0.64 |         -17.93 |           -17.948 |          -1.78 |         3:38:00 |    16     5     7  57.1 |
|    KAVA/USDT |        18 |          -1.00 |         -18.07 |           -18.045 |          -1.79 |         4:27:00 |     9     4     5  50.0 |
|     SOL/USDT |        19 |          -0.99 |         -18.76 |           -18.749 |          -1.86 |         2:10:00 |    10     4     5  52.6 |
|    EGLD/USDT |         7 |          -2.77 |         -19.39 |           -19.237 |          -1.90 |         4:03:00 |     2     2     3  28.6 |
|     ENJ/USDT |         7 |          -2.84 |         -19.86 |           -19.870 |          -1.97 |         4:24:00 |     3     1     3  42.9 |
|    TOMO/USDT |        14 |          -1.45 |         -20.23 |           -20.249 |          -2.00 |         3:49:00 |     6     4     4  42.9 |
|     FXS/USDT |        39 |          -0.52 |         -20.29 |           -20.399 |          -2.02 |         2:54:00 |    22     9     8  56.4 |
|   THETA/USDT |        11 |          -1.98 |         -21.82 |           -21.805 |          -2.16 |         4:10:00 |     4     3     4  36.4 |
|     ONT/USDT |         9 |          -2.44 |         -21.95 |           -21.950 |          -2.17 |        17:50:00 |     4     1     4  44.4 |
|    WAXP/USDT |         8 |          -2.79 |         -22.35 |           -22.338 |          -2.21 |         8:33:00 |     1     4     3  12.5 |
|   WAVES/USDT |        60 |          -0.38 |         -22.81 |           -22.787 |          -2.26 |         2:27:00 |    37    10    13  61.7 |
|     CVC/USDT |        12 |          -1.95 |         -23.37 |           -23.392 |          -2.32 |        10:38:00 |     5     3     4  41.7 |
|     GNO/USDT |         8 |          -2.96 |         -23.68 |           -23.679 |          -2.34 |         3:58:00 |     4     0     4  50.0 |
|     ANT/USDT |        37 |          -0.65 |         -24.16 |           -24.213 |          -2.40 |         4:47:00 |    24     4     9  64.9 |
|     MOB/USDT |        43 |          -0.56 |         -24.21 |           -24.231 |          -2.40 |         1:44:00 |    28     3    12  65.1 |
|  PUNDIX/USDT |        44 |          -0.56 |         -24.42 |           -24.436 |          -2.42 |         3:35:00 |    28     5    11  63.6 |
|     JST/USDT |        19 |          -1.36 |         -25.92 |           -25.947 |          -2.57 |         4:50:00 |    10     3     6  52.6 |
|     ONG/USDT |        24 |          -1.16 |         -27.72 |           -27.715 |          -2.74 |         7:04:00 |    11     7     6  45.8 |
|     LPT/USDT |        13 |          -2.58 |         -33.48 |           -33.460 |          -3.31 |        11:38:00 |     6     1     6  46.2 |
|     KMD/USDT |        59 |          -0.58 |         -34.14 |           -34.124 |          -3.38 |         3:32:00 |    41     2    16  69.5 |
|   STRAX/USDT |        48 |          -0.86 |         -41.08 |           -41.118 |          -4.07 |         5:40:00 |    31     3    14  64.6 |
|     AXS/USDT |        26 |          -1.61 |         -41.85 |           -41.799 |          -4.14 |         4:53:00 |    12     6     8  46.2 |
|     XEM/USDT |        12 |          -3.57 |         -42.79 |           -42.826 |          -4.24 |         6:10:00 |     4     1     7  33.3 |
|    POWR/USDT |        37 |          -1.26 |         -46.51 |           -46.472 |          -4.60 |         4:41:00 |    18     8    11  48.6 |
|     ATA/USDT |        35 |          -1.54 |         -53.83 |           -53.818 |          -5.33 |         3:49:00 |    21     2    12  60.0 |
|    WNXM/USDT |        43 |          -1.31 |         -56.15 |           -56.156 |          -5.56 |         1:37:00 |    26     3    14  60.5 |
|        TOTAL |     11833 |           0.43 |        5087.56 |          5084.341 |         503.40 |         2:29:00 |  8541  1529  1763  72.2 |
========================================================= LEFT OPEN TRADES REPORT ==========================================================
|      Pair |   Entries |   Avg Profit % |   Cum Profit % |   Tot Profit USDT |   Tot Profit % |    Avg Duration |   Win  Draw  Loss  Win% |
|-----------+-----------+----------------+----------------+-------------------+----------------+-----------------+-------------------------|
| DENT/USDT |         1 |          -4.12 |          -4.12 |            -4.129 |          -0.41 |  1 day, 3:55:00 |     0     0     1     0 |
|  KMD/USDT |         1 |          -6.85 |          -6.85 |            -6.848 |          -0.68 | 3 days, 1:00:00 |     0     0     1     0 |
|     TOTAL |         2 |          -5.49 |         -10.97 |           -10.977 |          -1.09 | 2 days, 2:28:00 |     0     0     2     0 |
=========================================================== ENTER TAG STATS ============================================================
|    TAG |   Entries |   Avg Profit % |   Cum Profit % |   Tot Profit USDT |   Tot Profit % |   Avg Duration |   Win  Draw  Loss  Win% |
|--------+-----------+----------------+----------------+-------------------+----------------+----------------+-------------------------|
|   ewo1 |      9972 |           0.40 |        4026.05 |          4023.058 |         398.32 |        2:41:00 |  7069  1405  1498  70.9 |
| ewolow |      1861 |           0.57 |        1061.51 |          1061.283 |         105.08 |        1:26:00 |  1472   124   265  79.1 |
|  TOTAL |     11833 |           0.43 |        5087.56 |          5084.341 |         503.40 |        2:29:00 |  8541  1529  1763  72.2 |
======================================================= EXIT REASON STATS ========================================================
|        Exit Reason |   Exits |   Win  Draws  Loss  Win% |   Avg Profit % |   Cum Profit % |   Tot Profit USDT |   Tot Profit % |
|--------------------+---------+--------------------------+----------------+----------------+-------------------+----------------|
| trailing_stop_loss |    8372 |  8368     0     4  100.0 |           2.27 |       19026.4  |         19005.9   |        1902.64 |
|          stop_loss |    1758 |      1     0  1757   0.1 |          -7.97 |      -14012.6  |        -13995.3   |       -1401.26 |
|                roi |    1701 |    172  1529     0   100 |           0.05 |          84.72 |            84.685 |           8.47 |
|         force_exit |       2 |      0     0     2     0 |          -5.49 |         -10.97 |           -10.977 |          -1.1  |
======================= MONTH BREAKDOWN ========================
|      Month |   Tot Profit USDT |   Wins |   Draws |   Losses |
|------------+-------------------+--------+---------+----------|
| 31/01/2022 |           274.692 |    561 |     116 |      118 |
| 28/02/2022 |           341.609 |    620 |     142 |      126 |
| 31/03/2022 |           616.073 |    882 |     188 |      168 |
| 30/04/2022 |           337.563 |    541 |     106 |      107 |
| 31/05/2022 |          1119.71  |   1379 |     194 |      258 |
| 30/06/2022 |           423.593 |    998 |     158 |      235 |
| 31/07/2022 |           778.947 |   1064 |     173 |      206 |
| 31/08/2022 |           172.637 |    502 |      91 |      116 |
| 30/09/2022 |           133.655 |    388 |      81 |       89 |
| 31/10/2022 |           348.536 |    391 |      88 |       67 |
| 30/11/2022 |           469.26  |    899 |     133 |      192 |
| 31/12/2022 |            79.046 |    316 |      59 |       79 |
| 31/01/2023 |           -10.977 |      0 |       0 |        2 |
================== SUMMARY METRICS ==================
| Metric                      | Value               |
|-----------------------------+---------------------|
| Backtesting from            | 2022-01-01 00:00:00 |
| Backtesting to              | 2023-01-01 00:00:00 |
| Max open trades             | 10                  |
|                             |                     |
| Total/Daily Avg Trades      | 11833 / 32.42       |
| Starting balance            | 1010 USDT           |
| Final balance               | 6094.341 USDT       |
| Absolute profit             | 5084.341 USDT       |
| Total profit %              | 503.40%             |
| CAGR %                      | 503.40%             |
| Sortino                     | 248.12              |
| Sharpe                      | 72.31               |
| Calmar                      | 245.29              |
| Profit factor               | 1.36                |
| Expectancy (Ratio)          | 0.43 (-0.08)        |
| Trades per day              | 32.42               |
| Avg. daily profit %         | 1.38%               |
| Avg. stake amount           | 99.799 USDT         |
| Total trade volume          | 1180923.314 USDT    |
|                             |                     |
| Best Pair                   | LAZIO/USDT 146.14%  |
| Worst Pair                  | WNXM/USDT -56.15%   |
| Best trade                  | CVP/USDT 16.77%     |
| Worst trade                 | LUNA/USDT -37.31%   |
| Best day                    | 190.527 USDT        |
| Worst day                   | -230.053 USDT       |
| Days win/draw/lose          | 246 / 0 / 120       |
| Avg. Duration Winners       | 0:41:00             |
| Avg. Duration Loser         | 6:30:00             |
| Max Consecutive Wins / Loss | 49 / 11             |
| Rejected Entry signals      | 18006               |
| Entry/Exit Timeouts         | 0 / 0               |
|                             |                     |
| Min balance                 | 1002.311 USDT       |
| Max balance                 | 6139.058 USDT       |
| Max % of account underwater | 13.54%              |
| Absolute Drawdown (Account) | 10.74%              |
| Absolute Drawdown           | 292.699 USDT        |
| Drawdown high               | 1714.799 USDT       |
| Drawdown low                | 1422.1 USDT         |
| Drawdown Start              | 2022-05-11 00:05:00 |
| Drawdown End                | 2022-05-12 04:25:00 |
| Market change               | -75.62%             |
=====================================================

Backtested 2022-01-01 00:00:00 -> 2023-01-01 00:00:00 | Max open trades : 10
========================================================================= STRATEGY SUMMARY ========================================================================
|   Strategy |   Entries |   Avg Profit % |   Cum Profit % |   Tot Profit USDT |   Tot Profit % |   Avg Duration |   Win  Draw  Loss  Win% |             Drawdown |
|------------+-----------+----------------+----------------+-------------------+----------------+----------------+-------------------------+----------------------|
|     abbas8 |     11833 |           0.43 |        5087.56 |          5084.341 |         503.40 |        2:29:00 |  8541  1529  1763  72.2 | 292.699 USDT  10.74% |
===================================================================================================================================================================