Result for strategy abbas8
============================================================== BACKTESTING REPORT =============================================================
|         Pair |   Entries |   Avg Profit % |   Cum Profit % |   Tot Profit USDT |   Tot Profit % |    Avg Duration |   Win  Draw  Loss  Win% |
|--------------+-----------+----------------+----------------+-------------------+----------------+-----------------+-------------------------|
|     RIF/USDT |        95 |           1.04 |          99.07 |            99.122 |           9.81 |         1:02:00 |    80     5    10  84.2 |
|    IRIS/USDT |        67 |           1.43 |          95.50 |            95.597 |           9.47 |         0:59:00 |    58     5     4  86.6 |
|     TRU/USDT |        52 |           1.54 |          80.32 |            80.364 |           7.96 |         2:06:00 |    43     5     4  82.7 |
|    AKRO/USDT |        59 |           1.32 |          77.59 |            77.662 |           7.69 |         1:15:00 |    49     6     4  83.1 |
|     MDT/USDT |        69 |           0.97 |          67.13 |            67.195 |           6.65 |         1:40:00 |    57     4     8  82.6 |
|     OAX/USDT |        34 |           1.97 |          67.06 |            67.027 |           6.64 |         1:52:00 |    30     3     1  88.2 |
|     KMD/USDT |        38 |           1.67 |          63.51 |            63.464 |           6.28 |         1:20:00 |    34     3     1  89.5 |
|     ACA/USDT |        42 |           1.45 |          61.08 |            61.144 |           6.05 |         1:25:00 |    35     4     3  83.3 |
|      DF/USDT |        32 |           1.80 |          57.65 |            57.690 |           5.71 |         1:02:00 |    30     1     1  93.8 |
|    RNDR/USDT |        42 |           1.23 |          51.52 |            51.571 |           5.11 |         1:43:00 |    33     7     2  78.6 |
|    HIGH/USDT |        49 |           1.05 |          51.21 |            51.260 |           5.08 |         1:45:00 |    38     6     5  77.6 |
|    TROY/USDT |        34 |           1.42 |          48.44 |            48.484 |           4.80 |         0:56:00 |    29     3     2  85.3 |
|    AGLD/USDT |        42 |           1.15 |          48.27 |            48.277 |           4.78 |         1:20:00 |    33     3     6  78.6 |
|    IDEX/USDT |        37 |           1.30 |          48.04 |            48.088 |           4.76 |         1:55:00 |    32     3     2  86.5 |
|     FIS/USDT |        43 |           1.10 |          47.42 |            47.357 |           4.69 |         2:11:00 |    33     7     3  76.7 |
|     XVG/USDT |        50 |           0.90 |          45.00 |            45.044 |           4.46 |         0:59:00 |    43     1     6  86.0 |
|    PERL/USDT |        58 |           0.75 |          43.75 |            43.795 |           4.34 |         1:48:00 |    44     7     7  75.9 |
|     APT/USDT |        23 |           1.90 |          43.70 |            43.723 |           4.33 |         2:08:00 |    19     4     0   100 |
|     CFX/USDT |        85 |           0.51 |          43.57 |            43.603 |           4.32 |         1:51:00 |    63    10    12  74.1 |
|     FET/USDT |        48 |           0.86 |          41.32 |            41.306 |           4.09 |         1:29:00 |    39     4     5  81.2 |
|      OG/USDT |        65 |           0.63 |          40.70 |            40.632 |           4.02 |         1:47:00 |    51     5     9  78.5 |
|     ACH/USDT |        45 |           0.89 |          39.87 |            39.901 |           3.95 |         2:02:00 |    37     3     5  82.2 |
|    BOND/USDT |        33 |           1.19 |          39.25 |            39.281 |           3.89 |         1:05:00 |    27     3     3  81.8 |
|    HOOK/USDT |        39 |           0.99 |          38.79 |            38.762 |           3.84 |         2:08:00 |    31     5     3  79.5 |
|     STX/USDT |        44 |           0.87 |          38.41 |            38.434 |           3.81 |         2:19:00 |    32     8     4  72.7 |
|     OXT/USDT |        32 |           1.18 |          37.91 |            37.941 |           3.76 |         1:53:00 |    24     6     2  75.0 |
|     WRX/USDT |        22 |           1.68 |          36.87 |            36.903 |           3.65 |         2:27:00 |    19     1     2  86.4 |
|     CKB/USDT |        34 |           1.05 |          35.80 |            35.834 |           3.55 |         4:12:00 |    25     5     4  73.5 |
|     PNT/USDT |        39 |           0.92 |          35.78 |            35.785 |           3.54 |         1:37:00 |    31     3     5  79.5 |
|   MAGIC/USDT |        36 |           0.99 |          35.60 |            35.622 |           3.53 |         1:28:00 |    29     4     3  80.6 |
|     FUN/USDT |        27 |           1.29 |          34.75 |            34.780 |           3.44 |         1:16:00 |    23     2     2  85.2 |
|   CHESS/USDT |        26 |           1.33 |          34.60 |            34.627 |           3.43 |         0:54:00 |    23     1     2  88.5 |
|     WAN/USDT |        19 |           1.74 |          33.14 |            33.132 |           3.28 |         5:08:00 |    15     4     0   100 |
|    PEPE/USDT |        45 |           0.71 |          31.73 |            31.757 |           3.14 |         1:49:00 |    34     4     7  75.6 |
|     BTS/USDT |        33 |           0.95 |          31.25 |            31.277 |           3.10 |         2:06:00 |    24     5     4  72.7 |
|    PROS/USDT |        13 |           2.30 |          29.95 |            29.919 |           2.96 |         0:21:00 |    13     0     0   100 |
|    DODO/USDT |        29 |           0.97 |          28.22 |            28.242 |           2.80 |         1:21:00 |    23     4     2  79.3 |
|     INJ/USDT |        31 |           0.90 |          28.04 |            27.986 |           2.77 |         2:36:00 |    25     3     3  80.6 |
|     JOE/USDT |        41 |           0.68 |          27.69 |            27.716 |           2.74 |         2:03:00 |    34     2     5  82.9 |
|     KEY/USDT |        48 |           0.57 |          27.39 |            27.417 |           2.71 |         1:35:00 |    36     6     6  75.0 |
|     MOB/USDT |        22 |           1.23 |          27.03 |            27.051 |           2.68 |         3:44:00 |    18     3     1  81.8 |
|      MC/USDT |        27 |           0.98 |          26.44 |            26.463 |           2.62 |         1:38:00 |    22     2     3  81.5 |
|   CYBER/USDT |        21 |           1.26 |          26.37 |            26.388 |           2.61 |         0:44:00 |    18     0     3  85.7 |
|     EPX/USDT |        19 |           1.37 |          26.10 |            26.122 |           2.59 |         1:45:00 |    16     1     2  84.2 |
|     TVK/USDT |        20 |           1.30 |          25.93 |            25.956 |           2.57 |         1:27:00 |    16     3     1  80.0 |
|      OP/USDT |        22 |           1.17 |          25.71 |            25.738 |           2.55 |         2:20:00 |    15     6     1  68.2 |
|    DEGO/USDT |        22 |           1.16 |          25.44 |            25.460 |           2.52 |         2:56:00 |    16     5     1  72.7 |
|     ASR/USDT |        24 |           1.06 |          25.37 |            25.344 |           2.51 |         1:11:00 |    18     3     3  75.0 |
|    FLUX/USDT |        19 |           1.33 |          25.26 |            25.286 |           2.50 |         1:10:00 |    15     3     1  78.9 |
|     ACM/USDT |        17 |           1.45 |          24.65 |            24.633 |           2.44 |         4:18:00 |    14     2     1  82.4 |
|    DYDX/USDT |        21 |           1.15 |          24.11 |            24.136 |           2.39 |         2:28:00 |    13     7     1  61.9 |
|     SYS/USDT |        20 |           1.18 |          23.68 |            23.703 |           2.35 |         1:32:00 |    16     2     2  80.0 |
|    MBOX/USDT |        13 |           1.81 |          23.47 |            23.491 |           2.33 |         5:37:00 |    11     2     0   100 |
|     SXP/USDT |        24 |           0.97 |          23.22 |            23.237 |           2.30 |         2:23:00 |    19     3     2  79.2 |
|     IMX/USDT |        19 |           1.20 |          22.86 |            22.878 |           2.27 |         3:36:00 |    11     8     0   100 |
|      QI/USDT |        13 |           1.74 |          22.58 |            22.604 |           2.24 |         1:22:00 |    11     1     1  84.6 |
|   POLYX/USDT |        13 |           1.71 |          22.24 |            22.257 |           2.20 |         6:05:00 |    10     3     0   100 |
|     CLV/USDT |        11 |           2.01 |          22.12 |            22.146 |           2.19 |         0:35:00 |    10     1     0   100 |
|   QUICK/USDT |        48 |           0.45 |          21.69 |            22.001 |           2.18 |         1:57:00 |    33     9     6  68.8 |
|     YGG/USDT |        48 |           0.45 |          21.67 |            21.692 |           2.15 |         1:45:00 |    34     7     7  70.8 |
|     ERN/USDT |        14 |           1.51 |          21.10 |            21.102 |           2.09 |         1:21:00 |    12     1     1  85.7 |
|   FORTH/USDT |        20 |           1.05 |          20.96 |            20.978 |           2.08 |         3:38:00 |    16     2     2  80.0 |
|    TOMO/USDT |        37 |           0.56 |          20.65 |            20.670 |           2.05 |         2:26:00 |    27     4     6  73.0 |
|    WING/USDT |        18 |           1.12 |          20.19 |            20.206 |           2.00 |         1:11:00 |    14     2     2  77.8 |
|    MASK/USDT |        20 |           1.00 |          20.05 |            20.038 |           1.98 |         2:41:00 |    15     3     2  75.0 |
|    AGIX/USDT |        19 |           1.02 |          19.40 |            19.382 |           1.92 |         1:35:00 |    14     4     1  73.7 |
|    API3/USDT |        20 |           0.94 |          18.70 |            18.722 |           1.85 |         1:11:00 |    17     0     3  85.0 |
|    VIDT/USDT |        11 |           1.69 |          18.63 |            18.646 |           1.85 |         1:02:00 |    10     1     0   100 |
|     GRT/USDT |        18 |           1.02 |          18.34 |            18.351 |           1.82 |         1:14:00 |    13     4     1  72.2 |
|     KDA/USDT |         8 |           2.28 |          18.21 |            18.228 |           1.80 |         0:56:00 |     8     0     0   100 |
|   AUDIO/USDT |        24 |           0.74 |          17.79 |            17.805 |           1.76 |         2:28:00 |    15     7     2  62.5 |
|     SEI/USDT |        11 |           1.61 |          17.75 |            17.762 |           1.76 |         0:49:00 |    10     0     1  90.9 |
|    CTSI/USDT |        24 |           0.73 |          17.62 |            17.606 |           1.74 |         2:12:00 |    17     4     3  70.8 |
|     ILV/USDT |         7 |           2.50 |          17.48 |            17.497 |           1.73 |         1:27:00 |     7     0     0   100 |
|     MKR/USDT |        11 |           1.57 |          17.29 |            17.301 |           1.71 |         1:40:00 |     8     3     0   100 |
|     HFT/USDT |        29 |           0.59 |          16.98 |            16.994 |           1.68 |         2:00:00 |    21     5     3  72.4 |
|    BICO/USDT |        10 |           1.69 |          16.93 |            16.944 |           1.68 |         1:29:00 |     8     2     0   100 |
|    LQTY/USDT |        34 |           0.49 |          16.65 |            16.670 |           1.65 |         1:19:00 |    26     3     5  76.5 |
|  BURGER/USDT |        11 |           1.50 |          16.45 |            16.463 |           1.63 |         1:30:00 |     9     2     0   100 |
|     ENJ/USDT |         7 |           2.32 |          16.21 |            16.223 |           1.61 |         1:41:00 |     5     2     0   100 |
|     COS/USDT |        14 |           1.16 |          16.20 |            16.214 |           1.61 |         4:38:00 |    11     2     1  78.6 |
|     UTK/USDT |        14 |           1.13 |          15.88 |            15.884 |           1.57 |         2:33:00 |    12     0     2  85.7 |
|     NEO/USDT |        15 |           1.05 |          15.69 |            15.695 |           1.55 |         2:22:00 |    13     1     1  86.7 |
|     ORN/USDT |        19 |           0.82 |          15.57 |            15.583 |           1.54 |         1:36:00 |    14     3     2  73.7 |
|     OMG/USDT |        13 |           1.17 |          15.25 |            15.257 |           1.51 |         1:23:00 |    11     1     1  84.6 |
|     AMP/USDT |        30 |           0.50 |          14.89 |            14.906 |           1.48 |         2:06:00 |    24     1     5  80.0 |
|    LUNC/USDT |         7 |           2.08 |          14.53 |            14.543 |           1.44 |         0:47:00 |     7     0     0   100 |
|   SUPER/USDT |        25 |           0.57 |          14.27 |            14.278 |           1.41 |         2:14:00 |    19     3     3  76.0 |
|     BNX/USDT |        37 |           0.37 |          13.66 |            14.230 |           1.41 |         1:28:00 |    26     6     5  70.3 |
|   FRONT/USDT |         7 |           1.99 |          13.95 |            13.960 |           1.38 |         0:10:00 |     7     0     0   100 |
|     ONE/USDT |         9 |           1.53 |          13.73 |            13.746 |           1.36 |         4:37:00 |     6     3     0   100 |
|     WLD/USDT |         5 |           2.65 |          13.26 |            13.257 |           1.31 |         0:51:00 |     5     0     0   100 |
|     ARB/USDT |         7 |           1.88 |          13.18 |            13.185 |           1.31 |         0:36:00 |     7     0     0   100 |
|    MOVR/USDT |         6 |           2.19 |          13.13 |            13.139 |           1.30 |         0:49:00 |     6     0     0   100 |
|   VOXEL/USDT |        23 |           0.55 |          12.54 |            12.555 |           1.24 |         1:57:00 |    16     4     3  69.6 |
|    BAKE/USDT |        12 |           1.03 |          12.37 |            12.381 |           1.23 |         2:10:00 |     9     2     1  75.0 |
|   SPELL/USDT |         7 |           1.73 |          12.11 |            12.125 |           1.20 |         1:26:00 |     6     1     0   100 |
|    NEAR/USDT |         6 |           2.00 |          12.02 |            12.018 |           1.19 |         0:48:00 |     6     0     0   100 |
|       T/USDT |        26 |           0.46 |          11.99 |            12.007 |           1.19 |         1:57:00 |    19     3     4  73.1 |
|     ATM/USDT |        29 |           0.41 |          11.96 |            11.962 |           1.18 |         3:35:00 |    23     1     5  79.3 |
|     XVS/USDT |        14 |           0.83 |          11.61 |            11.614 |           1.15 |         3:18:00 |     9     4     1  64.3 |
|     RAY/USDT |        42 |           0.27 |          11.45 |            11.458 |           1.13 |         2:23:00 |    29     6     7  69.0 |
|     JUV/USDT |        18 |           0.64 |          11.44 |            11.451 |           1.13 |         1:03:00 |    15     0     3  83.3 |
|    RDNT/USDT |         6 |           1.89 |          11.34 |            11.327 |           1.12 |         1:41:00 |     5     1     0   100 |
|     SYN/USDT |        13 |           0.87 |          11.27 |            11.278 |           1.12 |         2:12:00 |     9     3     1  69.2 |
|  PUNDIX/USDT |         6 |           1.88 |          11.26 |            11.272 |           1.12 |         3:07:00 |     5     1     0   100 |
|     C98/USDT |        15 |           0.74 |          11.15 |            11.158 |           1.10 |         2:34:00 |    12     1     2  80.0 |
|    COTI/USDT |         8 |           1.39 |          11.14 |            11.148 |           1.10 |         1:46:00 |     6     2     0   100 |
|     MAV/USDT |         7 |           1.53 |          10.70 |            10.690 |           1.06 |         2:02:00 |     5     2     0   100 |
|    FARM/USDT |         5 |           2.12 |          10.59 |            10.603 |           1.05 |         2:34:00 |     4     1     0   100 |
|     GNS/USDT |         8 |           1.31 |          10.49 |            10.492 |           1.04 |         1:56:00 |     6     2     0   100 |
|     SLP/USDT |        11 |           0.92 |          10.12 |            10.132 |           1.00 |         2:38:00 |     9     1     1  81.8 |
|    ALCX/USDT |        10 |           1.00 |           9.99 |            10.000 |           0.99 |         2:14:00 |     8     1     1  80.0 |
|    RARE/USDT |         9 |           1.10 |           9.89 |             9.895 |           0.98 |         1:10:00 |     7     1     1  77.8 |
|    MINA/USDT |        18 |           0.54 |           9.72 |             9.722 |           0.96 |         1:43:00 |    14     1     3  77.8 |
|    OOKI/USDT |        15 |           0.63 |           9.52 |             9.531 |           0.94 |         1:18:00 |    12     1     2  80.0 |
|     XLM/USDT |         8 |           1.18 |           9.43 |             9.427 |           0.93 |         2:08:00 |     5     3     0   100 |
|     CVP/USDT |        16 |           0.58 |           9.33 |             9.334 |           0.92 |         1:02:00 |    13     1     2  81.2 |
|     ETC/USDT |         7 |           1.33 |           9.32 |             9.324 |           0.92 |         2:03:00 |     6     1     0   100 |
|     QKC/USDT |         9 |           1.02 |           9.20 |             9.208 |           0.91 |         0:50:00 |     8     0     1  88.9 |
|     CRV/USDT |        14 |           0.66 |           9.19 |             9.191 |           0.91 |         5:10:00 |    10     2     2  71.4 |
|     ICX/USDT |        17 |           0.54 |           9.16 |             9.163 |           0.91 |         2:59:00 |     9     7     1  52.9 |
|   FLOKI/USDT |         5 |           1.76 |           8.81 |             8.815 |           0.87 |         1:30:00 |     4     1     0   100 |
|      SC/USDT |        14 |           0.61 |           8.57 |             8.576 |           0.85 |         1:27:00 |    11     1     2  78.6 |
|     FIL/USDT |        12 |           0.69 |           8.33 |             8.331 |           0.82 |         2:33:00 |     8     3     1  66.7 |
|   OCEAN/USDT |        15 |           0.54 |           8.11 |             8.107 |           0.80 |         3:43:00 |     8     6     1  53.3 |
|    QTUM/USDT |        11 |           0.72 |           7.88 |             7.879 |           0.78 |         2:03:00 |     8     2     1  72.7 |
|    ARPA/USDT |        32 |           0.24 |           7.73 |             7.736 |           0.77 |         2:09:00 |    23     4     5  71.9 |
|     FTM/USDT |        12 |           0.63 |           7.62 |             7.639 |           0.76 |         2:56:00 |     7     4     1  58.3 |
|     ZEN/USDT |         9 |           0.84 |           7.56 |             7.568 |           0.75 |         2:40:00 |     7     1     1  77.8 |
|     TLM/USDT |         7 |           1.08 |           7.54 |             7.547 |           0.75 |         2:19:00 |     6     1     0   100 |
|     UMA/USDT |        15 |           0.49 |           7.41 |             7.409 |           0.73 |         2:23:00 |    11     2     2  73.3 |
|   PORTO/USDT |        11 |           0.67 |           7.37 |             7.376 |           0.73 |         2:05:00 |     7     2     2  63.6 |
|  ALPACA/USDT |        11 |           0.67 |           7.34 |             7.346 |           0.73 |         1:15:00 |     8     1     2  72.7 |
|    STMX/USDT |        38 |           0.19 |           7.34 |             7.344 |           0.73 |         2:49:00 |    28     3     7  73.7 |
|     RPL/USDT |        14 |           0.52 |           7.28 |             7.280 |           0.72 |         4:52:00 |    11     1     2  78.6 |
|     GMT/USDT |        16 |           0.45 |           7.16 |             7.161 |           0.71 |         2:22:00 |    10     4     2  62.5 |
|     DGB/USDT |         3 |           2.36 |           7.08 |             7.084 |           0.70 |         0:41:00 |     3     0     0   100 |
|   LAZIO/USDT |         9 |           0.72 |           6.47 |             6.480 |           0.64 |         1:02:00 |     8     0     1  88.9 |
|     ADA/USDT |         4 |           1.62 |           6.47 |             6.479 |           0.64 |         2:00:00 |     4     0     0   100 |
|    ASTR/USDT |        16 |           0.40 |           6.41 |             6.420 |           0.64 |         3:11:00 |    11     2     3  68.8 |
|     ONT/USDT |        10 |           0.64 |           6.37 |             6.376 |           0.63 |         5:19:00 |     7     2     1  70.0 |
|   MULTI/USDT |        36 |           0.16 |           5.80 |             5.805 |           0.57 |         3:36:00 |    23     7     6  63.9 |
|     REI/USDT |        25 |           0.23 |           5.78 |             5.782 |           0.57 |         2:30:00 |    18     3     4  72.0 |
|     ZEC/USDT |         3 |           1.89 |           5.66 |             5.662 |           0.56 |         1:47:00 |     3     0     0   100 |
|    DATA/USDT |        17 |           0.33 |           5.57 |             5.575 |           0.55 |         2:22:00 |    13     1     3  76.5 |
|    FIRO/USDT |        15 |           0.37 |           5.54 |             5.543 |           0.55 |         2:28:00 |    12     0     3  80.0 |
|     GMX/USDT |         5 |           1.11 |           5.53 |             5.538 |           0.55 |         1:41:00 |     4     1     0   100 |
|     SUI/USDT |         4 |           1.38 |           5.53 |             5.532 |           0.55 |         3:30:00 |     3     1     0   100 |
|    ROSE/USDT |         5 |           1.07 |           5.37 |             5.375 |           0.53 |         2:12:00 |     3     2     0   100 |
|    DOCK/USDT |         9 |           0.59 |           5.35 |             5.354 |           0.53 |         1:58:00 |     7     1     1  77.8 |
|    ARDR/USDT |         9 |           0.59 |           5.34 |             5.347 |           0.53 |         2:12:00 |     6     1     2  66.7 |
|    ALGO/USDT |         3 |           1.78 |           5.33 |             5.331 |           0.53 |         1:09:00 |     3     0     0   100 |
|    DASH/USDT |         2 |           2.64 |           5.27 |             5.278 |           0.52 |         0:22:00 |     2     0     0   100 |
|      AR/USDT |         4 |           1.32 |           5.27 |             5.277 |           0.52 |         2:20:00 |     3     1     0   100 |
|     LPT/USDT |        28 |           0.19 |           5.25 |             5.267 |           0.52 |         2:43:00 |    20     3     5  71.4 |
|     TWT/USDT |         4 |           1.31 |           5.23 |             5.197 |           0.51 |         2:53:00 |     2     2     0   100 |
|   MATIC/USDT |         4 |           1.29 |           5.15 |             5.158 |           0.51 |         1:23:00 |     3     1     0   100 |
|     AVA/USDT |         3 |           1.70 |           5.10 |             5.102 |           0.51 |         1:33:00 |     3     0     0   100 |
|     LTC/USDT |         4 |           1.25 |           4.98 |             4.983 |           0.49 |         4:30:00 |     3     1     0   100 |
|     BCH/USDT |        10 |           0.47 |           4.71 |             4.705 |           0.47 |         4:17:00 |     7     2     1  70.0 |
|  SANTOS/USDT |        15 |           0.31 |           4.62 |             4.623 |           0.46 |         1:55:00 |    10     3     2  66.7 |
|    HIFI/USDT |        31 |           0.14 |           4.40 |             4.408 |           0.44 |         1:37:00 |    25     0     6  80.6 |
|     GLM/USDT |         6 |           0.73 |           4.40 |             4.401 |           0.44 |         1:15:00 |     5     0     1  83.3 |
|     SFP/USDT |        10 |           0.44 |           4.40 |             4.391 |           0.43 |         2:16:00 |     6     3     1  60.0 |
|     QNT/USDT |         2 |           2.11 |           4.22 |             4.220 |           0.42 |         0:48:00 |     2     0     0   100 |
|    SHIB/USDT |         5 |           0.84 |           4.20 |             4.205 |           0.42 |         2:56:00 |     3     2     0   100 |
|    AVAX/USDT |         4 |           1.04 |           4.17 |             4.173 |           0.41 |         8:38:00 |     2     2     0   100 |
|    NEXO/USDT |         2 |           2.08 |           4.17 |             4.173 |           0.41 |         2:15:00 |     2     0     0   100 |
|    MANA/USDT |         9 |           0.45 |           4.04 |             4.066 |           0.40 |         4:13:00 |     6     2     1  66.7 |
|   ALICE/USDT |         3 |           1.34 |           4.01 |             4.010 |           0.40 |         4:07:00 |     2     1     0   100 |
|      ID/USDT |        18 |           0.22 |           4.02 |             3.996 |           0.40 |         1:46:00 |    13     2     3  72.2 |
|    POND/USDT |        14 |           0.28 |           3.95 |             3.958 |           0.39 |         2:25:00 |     9     3     2  64.3 |
|    WNXM/USDT |         8 |           0.49 |           3.91 |             3.923 |           0.39 |         6:46:00 |     6     1     1  75.0 |
|    VTHO/USDT |         8 |           0.48 |           3.82 |             3.828 |           0.38 |         7:44:00 |     5     2     1  62.5 |
|    LINK/USDT |         2 |           1.89 |           3.79 |             3.787 |           0.37 |         1:05:00 |     2     0     0   100 |
|    VITE/USDT |         3 |           1.25 |           3.76 |             3.762 |           0.37 |         1:24:00 |     2     1     0   100 |
|     PHA/USDT |        13 |           0.28 |           3.70 |             3.711 |           0.37 |         3:36:00 |     9     2     2  69.2 |
|     XNO/USDT |         9 |           0.41 |           3.66 |             3.663 |           0.36 |         3:26:00 |     6     1     2  66.7 |
|    GLMR/USDT |         2 |           1.81 |           3.62 |             3.626 |           0.36 |         0:40:00 |     2     0     0   100 |
|   JASMY/USDT |        13 |           0.27 |           3.52 |             3.521 |           0.35 |         8:35:00 |     6     6     1  46.2 |
|   COMBO/USDT |         2 |           1.67 |           3.33 |             3.336 |           0.33 |         0:00:00 |     2     0     0   100 |
|    DOGE/USDT |         3 |           1.10 |           3.29 |             3.292 |           0.33 |         2:31:00 |     2     1     0   100 |
|     CHZ/USDT |         4 |           0.81 |           3.22 |             3.223 |           0.32 |  1 day, 0:49:00 |     2     2     0   100 |
|   STORJ/USDT |        16 |           0.20 |           3.19 |             3.184 |           0.32 |         3:59:00 |    11     2     3  68.8 |
|     TKO/USDT |         7 |           0.44 |           3.09 |             3.090 |           0.31 |         1:15:00 |     5     1     1  71.4 |
|     STG/USDT |        27 |           0.10 |           2.81 |             2.816 |           0.28 |         3:53:00 |    17     5     5  63.0 |
|    BTTC/USDT |         1 |           2.65 |           2.65 |             2.654 |           0.26 |         0:02:00 |     1     0     0   100 |
|    FLOW/USDT |         9 |           0.29 |           2.64 |             2.644 |           0.26 |         4:09:00 |     7     1     1  77.8 |
|     DIA/USDT |         5 |           0.49 |           2.46 |             2.465 |           0.24 |         3:19:00 |     4     0     1  80.0 |
|    REEF/USDT |         2 |           1.22 |           2.44 |             2.442 |           0.24 |        14:32:00 |     1     1     0   100 |
|    IOTA/USDT |         1 |           2.38 |           2.38 |             2.380 |           0.24 |         0:01:00 |     1     0     0   100 |
|    RUNE/USDT |         1 |           2.12 |           2.12 |             2.120 |           0.21 |         2:46:00 |     1     0     0   100 |
|     ANT/USDT |         3 |           0.68 |           2.05 |             2.042 |           0.20 |         7:15:00 |     1     2     0   100 |
|    FIDA/USDT |        18 |           0.11 |           2.04 |             2.039 |           0.20 |         1:34:00 |    14     1     3  77.8 |
|    NULS/USDT |         8 |           0.25 |           2.03 |             2.027 |           0.20 |         2:35:00 |     4     3     1  50.0 |
|     YFI/USDT |         2 |           0.98 |           1.95 |             1.952 |           0.19 |         1:40:00 |     2     0     0   100 |
|    BIFI/USDT |         2 |           0.95 |           1.89 |             1.896 |           0.19 |        19:30:00 |     1     1     0   100 |
|     BTC/USDT |         1 |           1.86 |           1.86 |             1.856 |           0.18 |         1:27:00 |     1     0     0   100 |
|    WAXP/USDT |         9 |           0.21 |           1.85 |             1.850 |           0.18 |         3:06:00 |     5     3     1  55.6 |
|     BAR/USDT |        10 |           0.18 |           1.80 |             1.803 |           0.18 |         3:59:00 |     7     1     2  70.0 |
| BTCDOWN/USDT |         2 |           0.89 |           1.79 |             1.789 |           0.18 |        12:32:00 |     1     1     0   100 |
|    CAKE/USDT |         1 |           1.76 |           1.76 |             1.762 |           0.17 |         0:22:00 |     1     0     0   100 |
|     VET/USDT |         1 |           1.76 |           1.76 |             1.759 |           0.17 |         0:04:00 |     1     0     0   100 |
|    ATOM/USDT |         1 |           1.76 |           1.76 |             1.756 |           0.17 |         0:42:00 |     1     0     0   100 |
|   ETHUP/USDT |         1 |           1.51 |           1.51 |             1.508 |           0.15 |         0:00:00 |     1     0     0   100 |
|   BTCUP/USDT |         1 |           1.51 |           1.51 |             1.508 |           0.15 |         0:00:00 |     1     0     0   100 |
|     EOS/USDT |         2 |           0.75 |           1.51 |             1.508 |           0.15 |         3:12:00 |     1     1     0   100 |
|     WOO/USDT |        11 |           0.14 |           1.49 |             1.495 |           0.15 |         4:18:00 |     5     5     1  45.5 |
|     CHR/USDT |         6 |           0.25 |           1.49 |             1.492 |           0.15 |         1:02:00 |     4     1     1  66.7 |
|    CTXC/USDT |        25 |           0.06 |           1.45 |             1.448 |           0.14 |         1:51:00 |    16     5     4  64.0 |
|     REN/USDT |        19 |           0.07 |           1.31 |             1.317 |           0.13 |         3:36:00 |    14     1     4  73.7 |
|     TRB/USDT |         8 |           0.16 |           1.26 |             1.278 |           0.13 |         4:54:00 |     4     3     1  50.0 |
|     NMR/USDT |        16 |           0.07 |           1.18 |             1.193 |           0.12 |         2:29:00 |    11     2     3  68.8 |
|     TRX/USDT |         6 |           0.17 |           1.04 |             1.045 |           0.10 |         8:54:00 |     4     1     1  66.7 |
|    HBAR/USDT |         8 |           0.10 |           0.82 |             0.820 |           0.08 |         7:48:00 |     4     3     1  50.0 |
|     MLN/USDT |         9 |           0.09 |           0.80 |             0.800 |           0.08 |         1:16:00 |     7     0     2  77.8 |
|     SUN/USDT |         5 |           0.11 |           0.55 |             0.550 |           0.05 |         4:15:00 |     3     1     1  60.0 |
|    SAND/USDT |         9 |           0.05 |           0.43 |             0.425 |           0.04 |         5:05:00 |     6     2     1  66.7 |
|     ICP/USDT |         4 |           0.07 |           0.27 |             0.269 |           0.03 |         6:48:00 |     1     3     0   100 |
|      OM/USDT |        17 |           0.02 |           0.27 |             0.264 |           0.03 |         2:14:00 |    13     0     4  76.5 |
|     ETH/USDT |         0 |           0.00 |           0.00 |             0.000 |           0.00 |            0:00 |     0     0     0     0 |
|     BNB/USDT |         0 |           0.00 |           0.00 |             0.000 |           0.00 |            0:00 |     0     0     0     0 |
|    TUSD/USDT |         0 |           0.00 |           0.00 |             0.000 |           0.00 |            0:00 |     0     0     0     0 |
|    USDC/USDT |         0 |           0.00 |           0.00 |             0.000 |           0.00 |            0:00 |     0     0     0     0 |
|     XMR/USDT |         0 |           0.00 |           0.00 |             0.000 |           0.00 |            0:00 |     0     0     0     0 |
|    BUSD/USDT |         0 |           0.00 |           0.00 |             0.000 |           0.00 |            0:00 |     0     0     0     0 |
|    IOTX/USDT |         1 |           0.00 |           0.00 |             0.000 |           0.00 |        22:19:00 |     0     1     0     0 |
|     EUR/USDT |         0 |           0.00 |           0.00 |             0.000 |           0.00 |            0:00 |     0     0     0     0 |
| ETHDOWN/USDT |         0 |           0.00 |           0.00 |             0.000 |           0.00 |            0:00 |     0     0     0     0 |
|     GBP/USDT |         0 |           0.00 |           0.00 |             0.000 |           0.00 |            0:00 |     0     0     0     0 |
| BNBDOWN/USDT |         0 |           0.00 |           0.00 |             0.000 |           0.00 |            0:00 |     0     0     0     0 |
|     BAL/USDT |         1 |           0.00 |           0.00 |             0.000 |           0.00 |        13:45:00 |     0     1     0     0 |
|     DOT/USDT |         0 |           0.00 |           0.00 |             0.000 |           0.00 |            0:00 |     0     0     0     0 |
|    PAXG/USDT |         0 |           0.00 |           0.00 |             0.000 |           0.00 |            0:00 |     0     0     0     0 |
|     UNI/USDT |         0 |           0.00 |           0.00 |             0.000 |           0.00 |            0:00 |     0     0     0     0 |
|     CTK/USDT |         1 |           0.00 |           0.00 |             0.000 |           0.00 |         5:24:00 |     0     1     0     0 |
|     ATA/USDT |         0 |           0.00 |           0.00 |             0.000 |           0.00 |            0:00 |     0     0     0     0 |
|     GNO/USDT |         0 |           0.00 |           0.00 |             0.000 |           0.00 |            0:00 |     0     0     0     0 |
|    USDP/USDT |         0 |           0.00 |           0.00 |             0.000 |           0.00 |            0:00 |     0     0     0     0 |
|     ENS/USDT |         0 |           0.00 |           0.00 |             0.000 |           0.00 |            0:00 |     0     0     0     0 |
|     PYR/USDT |         1 |           0.00 |           0.00 |             0.000 |           0.00 |         3:33:00 |     0     1     0     0 |
|     CVX/USDT |         2 |           0.00 |           0.00 |             0.000 |           0.00 |         3:28:00 |     0     2     0     0 |
|    WBTC/USDT |         0 |           0.00 |           0.00 |             0.000 |           0.00 |            0:00 |     0     0     0     0 |
|   AERGO/USDT |         0 |           0.00 |           0.00 |             0.000 |           0.00 |            0:00 |     0     0     0     0 |
|   WBETH/USDT |         0 |           0.00 |           0.00 |             0.000 |           0.00 |            0:00 |     0     0     0     0 |
|   FDUSD/USDT |         0 |           0.00 |           0.00 |             0.000 |           0.00 |            0:00 |     0     0     0     0 |
|     REQ/USDT |         8 |          -0.01 |          -0.04 |            -0.043 |          -0.00 |         2:26:00 |     5     1     2  62.5 |
|   STEEM/USDT |        19 |          -0.01 |          -0.10 |            -0.099 |          -0.01 |         0:50:00 |    15     0     4  78.9 |
|     GAS/USDT |         5 |          -0.05 |          -0.25 |            -0.247 |          -0.02 |         3:23:00 |     3     1     1  60.0 |
|    SCRT/USDT |        14 |          -0.02 |          -0.34 |            -0.334 |          -0.03 |         5:38:00 |     7     5     2  50.0 |
|    IOST/USDT |         6 |          -0.09 |          -0.54 |            -0.540 |          -0.05 |         2:27:00 |     4     1     1  66.7 |
|    LINA/USDT |        58 |          -0.01 |          -0.74 |            -0.736 |          -0.07 |         2:13:00 |    39     8    11  67.2 |
|     DCR/USDT |        10 |          -0.08 |          -0.76 |            -0.764 |          -0.08 |         4:18:00 |     6     2     2  60.0 |
|     CVC/USDT |         3 |          -0.26 |          -0.77 |            -0.767 |          -0.08 | 2 days, 7:50:00 |     2     0     1  66.7 |
|     SOL/USDT |         9 |          -0.12 |          -1.04 |            -1.030 |          -0.10 |         3:08:00 |     5     3     1  55.6 |
|    DUSK/USDT |        18 |          -0.06 |          -1.05 |            -1.051 |          -0.10 |         3:10:00 |    12     3     3  66.7 |
|    KP3R/USDT |         5 |          -0.25 |          -1.27 |            -1.224 |          -0.12 |         1:56:00 |     3     1     1  60.0 |
|     APE/USDT |         7 |          -0.18 |          -1.29 |            -1.296 |          -0.13 |         8:35:00 |     3     3     1  42.9 |
|    ARKM/USDT |         4 |          -0.34 |          -1.37 |            -1.383 |          -0.14 |         3:01:00 |     3     0     1  75.0 |
|    KLAY/USDT |         6 |          -0.31 |          -1.84 |            -1.845 |          -0.18 |         2:39:00 |     3     2     1  50.0 |
|    AAVE/USDT |         5 |          -0.42 |          -2.11 |            -2.111 |          -0.21 |         5:38:00 |     3     1     1  60.0 |
|     RLC/USDT |        13 |          -0.17 |          -2.18 |            -2.195 |          -0.22 |         5:55:00 |     7     4     2  53.8 |
|     SNX/USDT |        15 |          -0.15 |          -2.25 |            -2.230 |          -0.22 |         3:19:00 |     8     4     3  53.3 |
|  BADGER/USDT |         9 |          -0.27 |          -2.42 |            -2.423 |          -0.24 |         2:32:00 |     6     1     2  66.7 |
|    PERP/USDT |        18 |          -0.16 |          -2.90 |            -2.899 |          -0.29 |         6:33:00 |    10     5     3  55.6 |
|    USTC/USDT |        13 |          -0.25 |          -3.26 |            -3.266 |          -0.32 |         9:44:00 |     6     5     2  46.2 |
|  PENDLE/USDT |         4 |          -0.82 |          -3.27 |            -3.271 |          -0.32 |         4:24:00 |     2     1     1  50.0 |
|    POLS/USDT |         5 |          -0.67 |          -3.33 |            -3.330 |          -0.33 |         3:28:00 |     2     2     1  40.0 |
|     BSW/USDT |         3 |          -1.15 |          -3.46 |            -3.465 |          -0.34 |         2:34:00 |     2     0     1  66.7 |
|  PEOPLE/USDT |         4 |          -0.94 |          -3.76 |            -3.763 |          -0.37 |         7:41:00 |     3     0     1  75.0 |
|     SSV/USDT |        10 |          -0.38 |          -3.79 |            -3.796 |          -0.38 |         4:10:00 |     5     3     2  50.0 |
|   SUSHI/USDT |         3 |          -1.27 |          -3.81 |            -3.813 |          -0.38 |         1:48:00 |     2     0     1  66.7 |
|    BAND/USDT |         7 |          -0.55 |          -3.88 |            -3.885 |          -0.38 |         0:54:00 |     5     0     2  71.4 |
|     ZIL/USDT |        10 |          -0.40 |          -4.05 |            -4.052 |          -0.40 |         3:00:00 |     6     2     2  60.0 |
|    PROM/USDT |         8 |          -0.52 |          -4.17 |            -4.173 |          -0.41 |         1:59:00 |     6     0     2  75.0 |
|    HARD/USDT |         8 |          -0.56 |          -4.52 |            -4.526 |          -0.45 |         6:42:00 |     5     1     2  62.5 |
|   WAVES/USDT |        25 |          -0.20 |          -5.02 |            -5.028 |          -0.50 |         2:35:00 |    17     3     5  68.0 |
|     LSK/USDT |         8 |          -0.63 |          -5.04 |            -5.038 |          -0.50 |         8:20:00 |     5     1     2  62.5 |
|     XTZ/USDT |         3 |          -1.71 |          -5.13 |            -5.132 |          -0.51 |         6:26:00 |     2     0     1  66.7 |
|     BLZ/USDT |        39 |          -0.13 |          -5.15 |            -5.150 |          -0.51 |         1:31:00 |    28     3     8  71.8 |
|     FXS/USDT |        11 |          -0.47 |          -5.17 |            -5.169 |          -0.51 |         1:38:00 |     8     0     3  72.7 |
|   STRAX/USDT |        13 |          -0.42 |          -5.49 |            -5.490 |          -0.54 |         2:57:00 |     8     2     3  61.5 |
|     PHB/USDT |        29 |          -0.20 |          -5.71 |            -5.616 |          -0.56 |         3:08:00 |    16     8     5  55.2 |
|     FIO/USDT |         6 |          -0.94 |          -5.63 |            -5.636 |          -0.56 |         5:14:00 |     2     3     1  33.3 |
|     BAT/USDT |         4 |          -1.47 |          -5.89 |            -5.880 |          -0.58 |        10:35:00 |     1     2     1  25.0 |
|     RSR/USDT |         4 |          -1.49 |          -5.96 |            -5.963 |          -0.59 |        15:20:00 |     1     2     1  25.0 |
|    LOKA/USDT |        30 |          -0.21 |          -6.26 |            -6.276 |          -0.62 |         2:09:00 |    21     3     6  70.0 |
|   THETA/USDT |         3 |          -2.10 |          -6.31 |            -6.308 |          -0.62 |        14:39:00 |     1     1     1  33.3 |
|    GALA/USDT |        21 |          -0.30 |          -6.33 |            -6.334 |          -0.63 |         3:26:00 |    12     5     4  57.1 |
|     ONG/USDT |        15 |          -0.43 |          -6.41 |            -6.429 |          -0.64 |         2:44:00 |    10     1     4  66.7 |
|     BEL/USDT |        22 |          -0.29 |          -6.46 |            -6.454 |          -0.64 |         3:26:00 |    15     2     5  68.2 |
|     VIB/USDT |        13 |          -0.52 |          -6.82 |            -6.819 |          -0.68 |         9:14:00 |     7     3     3  53.8 |
|    BETA/USDT |        15 |          -0.48 |          -7.19 |            -7.180 |          -0.71 |         1:21:00 |    11     0     4  73.3 |
|     KSM/USDT |         2 |          -3.59 |          -7.19 |            -7.192 |          -0.71 |         6:42:00 |     1     0     1  50.0 |
|   BNBUP/USDT |         1 |          -7.68 |          -7.68 |            -7.680 |          -0.76 |        22:40:00 |     0     0     1     0 |
|    EGLD/USDT |         2 |          -3.90 |          -7.79 |            -7.763 |          -0.77 |        17:10:00 |     0     1     1     0 |
|     GAL/USDT |        15 |          -0.52 |          -7.80 |            -7.807 |          -0.77 |         5:53:00 |    10     2     3  66.7 |
|    DREP/USDT |        30 |          -0.26 |          -7.86 |            -7.820 |          -0.77 |         7:17:00 |    18     6     6  60.0 |
|     ZRX/USDT |        14 |          -0.57 |          -7.92 |            -7.922 |          -0.78 |         3:20:00 |     8     3     3  57.1 |
|  ALPINE/USDT |        24 |          -0.33 |          -7.95 |            -7.955 |          -0.79 |         3:26:00 |    15     4     5  62.5 |
|     LTO/USDT |        11 |          -0.73 |          -8.03 |            -8.032 |          -0.80 |         2:15:00 |     8     0     3  72.7 |
|     EDU/USDT |        11 |          -0.77 |          -8.49 |            -8.370 |          -0.83 |         4:42:00 |     6     2     3  54.5 |
|    STPT/USDT |        14 |          -0.60 |          -8.46 |            -8.472 |          -0.84 |         7:01:00 |     8     3     3  57.1 |
|     RVN/USDT |         6 |          -1.47 |          -8.81 |            -8.819 |          -0.87 |         5:54:00 |     4     0     2  66.7 |
|     WTC/USDT |        19 |          -0.46 |          -8.82 |            -8.827 |          -0.87 |         1:52:00 |    14     0     5  73.7 |
|     OGN/USDT |        16 |          -0.56 |          -8.89 |            -8.881 |          -0.88 |         2:41:00 |    10     2     4  62.5 |
|   1INCH/USDT |         8 |          -1.13 |          -9.04 |            -9.044 |          -0.90 |         3:01:00 |     4     2     2  50.0 |
|     SNT/USDT |         6 |          -1.57 |          -9.40 |            -9.405 |          -0.93 |         2:51:00 |     3     1     2  50.0 |
|     AXS/USDT |         9 |          -1.05 |          -9.49 |            -9.492 |          -0.94 |         9:13:00 |     4     3     2  44.4 |
|     AST/USDT |         5 |          -1.91 |          -9.54 |            -9.549 |          -0.95 |         1:39:00 |     3     0     2  60.0 |
|     LRC/USDT |        12 |          -0.80 |          -9.63 |            -9.662 |          -0.96 |         5:25:00 |     6     3     3  50.0 |
|     FLM/USDT |        12 |          -0.83 |         -10.01 |           -10.013 |          -0.99 |         2:58:00 |     6     3     3  50.0 |
|     WIN/USDT |         5 |          -2.02 |         -10.08 |           -10.087 |          -1.00 |         9:49:00 |     3     0     2  60.0 |
|    LUNA/USDT |        10 |          -1.05 |         -10.50 |           -10.511 |          -1.04 |         2:04:00 |     6     1     3  60.0 |
|    LOOM/USDT |        11 |          -0.98 |         -10.79 |           -10.790 |          -1.07 |         1:33:00 |     6     2     3  54.5 |
|     ELF/USDT |         4 |          -2.72 |         -10.88 |           -10.894 |          -1.08 |        14:56:00 |     1     1     2  25.0 |
|     HOT/USDT |         4 |          -2.86 |         -11.43 |           -11.443 |          -1.13 |        22:46:00 |     1     1     2  25.0 |
|     PSG/USDT |        12 |          -0.96 |         -11.51 |           -11.512 |          -1.14 |         2:13:00 |     6     3     3  50.0 |
|     BNT/USDT |        12 |          -0.96 |         -11.54 |           -11.553 |          -1.14 |         2:58:00 |     5     4     3  41.7 |
|     XEM/USDT |         4 |          -2.91 |         -11.65 |           -11.658 |          -1.15 |         1:06:00 |     2     0     2  50.0 |
|   TFUEL/USDT |         6 |          -1.98 |         -11.90 |           -11.906 |          -1.18 |         4:38:00 |     2     2     2  33.3 |
|    OSMO/USDT |         4 |          -3.00 |         -11.98 |           -11.994 |          -1.19 |         3:00:00 |     2     0     2  50.0 |
|     UFT/USDT |         3 |          -4.06 |         -12.19 |           -12.184 |          -1.21 |  1 day, 8:33:00 |     1     0     2  33.3 |
| AUCTION/USDT |        35 |          -0.35 |         -12.41 |           -12.409 |          -1.23 |         2:31:00 |    24     3     8  68.6 |
|     LDO/USDT |        24 |          -0.54 |         -12.85 |           -12.858 |          -1.27 |         4:10:00 |    13     6     5  54.2 |
|    DENT/USDT |         3 |          -4.33 |         -13.00 |           -13.011 |          -1.29 |         3:44:00 |     1     0     2  33.3 |
|     SKL/USDT |        16 |          -0.84 |         -13.51 |           -13.523 |          -1.34 |         3:22:00 |    11     0     5  68.8 |
|     MDX/USDT |         9 |          -1.56 |         -14.07 |           -14.087 |          -1.39 |         4:24:00 |     4     2     3  44.4 |
|    DEXE/USDT |        12 |          -1.20 |         -14.44 |           -14.447 |          -1.43 |         8:08:00 |     6     2     4  50.0 |
|     LIT/USDT |        16 |          -0.92 |         -14.74 |           -14.739 |          -1.46 |         2:36:00 |     8     4     4  50.0 |
|    KAVA/USDT |         7 |          -2.15 |         -15.04 |           -15.051 |          -1.49 |         3:20:00 |     4     0     3  57.1 |
|     RAD/USDT |        46 |          -0.33 |         -15.09 |           -15.059 |          -1.49 |         1:24:00 |    29     8     9  63.0 |
|    CELR/USDT |        14 |          -1.10 |         -15.35 |           -15.364 |          -1.52 |         2:38:00 |     9     1     4  64.3 |
|     VGX/USDT |        67 |          -0.24 |         -15.88 |           -15.889 |          -1.57 |         3:30:00 |    50     5    12  74.6 |
|    POWR/USDT |        18 |          -0.91 |         -16.29 |           -16.296 |          -1.61 |         2:28:00 |    12     1     5  66.7 |
|     KNC/USDT |         9 |          -1.91 |         -17.22 |           -17.234 |          -1.71 |         8:49:00 |     4     2     3  44.4 |
|     MTL/USDT |        29 |          -0.60 |         -17.44 |           -17.446 |          -1.73 |         2:51:00 |    17     4     8  58.6 |
|     AMB/USDT |        21 |          -0.83 |         -17.44 |           -17.456 |          -1.73 |         1:49:00 |    14     2     5  66.7 |
|     XEC/USDT |        15 |          -1.18 |         -17.75 |           -17.767 |          -1.76 |         6:16:00 |    10     0     5  66.7 |
|    HIVE/USDT |        12 |          -1.55 |         -18.59 |           -18.585 |          -1.84 |         3:06:00 |     7     1     4  58.3 |
|     DAR/USDT |        15 |          -1.28 |         -19.22 |           -19.219 |          -1.90 |         5:39:00 |     9     1     5  60.0 |
|     JST/USDT |         6 |          -3.25 |         -19.48 |           -19.503 |          -1.93 |         7:08:00 |     2     1     3  33.3 |
|    ANKR/USDT |        13 |          -1.56 |         -20.34 |           -20.362 |          -2.02 |         1:36:00 |     8     0     5  61.5 |
|    CELO/USDT |        13 |          -1.58 |         -20.50 |           -20.512 |          -2.03 |         7:56:00 |     6     3     4  46.2 |
|   ALPHA/USDT |        18 |          -1.15 |         -20.68 |           -20.689 |          -2.05 |         7:20:00 |    10     3     5  55.6 |
|    CITY/USDT |        11 |          -1.91 |         -20.98 |           -20.997 |          -2.08 |         5:01:00 |     4     4     3  36.4 |
|     FOR/USDT |        10 |          -2.11 |         -21.06 |           -21.078 |          -2.09 |         2:32:00 |     5     1     4  50.0 |
|    COMP/USDT |        19 |          -1.15 |         -21.78 |           -21.794 |          -2.16 |         6:10:00 |     7     7     5  36.8 |
|     XRP/USDT |         5 |          -4.47 |         -22.36 |           -22.348 |          -2.21 |         7:00:00 |     2     0     3  40.0 |
|     ADX/USDT |        11 |          -2.06 |         -22.61 |           -22.607 |          -2.24 |         9:16:00 |     5     2     4  45.5 |
|     MBL/USDT |        13 |          -1.81 |         -23.50 |           -23.520 |          -2.33 |         4:15:00 |     8     0     5  61.5 |
|     GTC/USDT |         8 |          -2.98 |         -23.83 |           -23.827 |          -2.36 |         5:12:00 |     3     1     4  37.5 |
|    UNFI/USDT |        19 |          -1.30 |         -24.72 |           -24.691 |          -2.44 |         4:28:00 |    10     3     6  52.6 |
|     PLA/USDT |        18 |          -1.67 |         -30.15 |           -30.177 |          -2.99 |         4:35:00 |    11     1     6  61.1 |
|   LEVER/USDT |        21 |          -1.52 |         -31.87 |           -31.898 |          -3.16 |         4:47:00 |    11     3     7  52.4 |
|     NKN/USDT |         9 |          -3.96 |         -35.62 |           -35.640 |          -3.53 |         5:01:00 |     2     2     5  22.2 |
|    GHST/USDT |        14 |          -2.66 |         -37.19 |           -37.207 |          -3.68 |         4:18:00 |     5     3     6  35.7 |
|        TOTAL |      5439 |           0.46 |        2499.01 |          2501.554 |         247.68 |         2:44:00 |  3925   738   776  72.2 |
========================================================= LEFT OPEN TRADES REPORT =========================================================
|      Pair |   Entries |   Avg Profit % |   Cum Profit % |   Tot Profit USDT |   Tot Profit % |   Avg Duration |   Win  Draw  Loss  Win% |
|-----------+-----------+----------------+----------------+-------------------+----------------+----------------+-------------------------|
| UNFI/USDT |         1 |          -4.67 |          -4.67 |            -4.670 |          -0.46 |        4:40:00 |     0     0     1     0 |
|  AMP/USDT |         1 |          -6.06 |          -6.06 |            -6.062 |          -0.60 |        5:30:00 |     0     0     1     0 |
|     TOTAL |         2 |          -5.36 |         -10.73 |           -10.733 |          -1.06 |        5:05:00 |     0     0     2     0 |
=========================================================== ENTER TAG STATS ============================================================
|    TAG |   Entries |   Avg Profit % |   Cum Profit % |   Tot Profit USDT |   Tot Profit % |   Avg Duration |   Win  Draw  Loss  Win% |
|--------+-----------+----------------+----------------+-------------------+----------------+----------------+-------------------------|
|   ewo1 |      4826 |           0.44 |        2144.48 |          2147.038 |         212.58 |        2:49:00 |  3450   673   703  71.5 |
| ewolow |       613 |           0.58 |         354.52 |           354.516 |          35.10 |        2:04:00 |   475    65    73  77.5 |
|  TOTAL |      5439 |           0.46 |        2499.01 |          2501.554 |         247.68 |        2:44:00 |  3925   738   776  72.2 |
======================================================= EXIT REASON STATS ========================================================
|        Exit Reason |   Exits |   Win  Draws  Loss  Win% |   Avg Profit % |   Cum Profit % |   Tot Profit USDT |   Tot Profit % |
|--------------------+---------+--------------------------+----------------+----------------+-------------------+----------------|
| trailing_stop_loss |    3817 |   3817     0     0   100 |           2.26 |        8637.13 |          8636.43  |         863.71 |
|                roi |     846 |    108   738     0   100 |           0.07 |          59.51 |            59.525 |           5.95 |
|          stop_loss |     774 |      0     0   774     0 |          -7.99 |       -6186.91 |         -6183.67  |        -618.69 |
|         force_exit |       2 |      0     0     2     0 |          -5.36 |         -10.73 |           -10.733 |          -1.07 |
======================= MONTH BREAKDOWN ========================
|      Month |   Tot Profit USDT |   Wins |   Draws |   Losses |
|------------+-------------------+--------+---------+----------|
| 31/01/2023 |           283.067 |    582 |     146 |      122 |
| 28/02/2023 |           514.071 |    806 |     156 |      164 |
| 31/03/2023 |           536.575 |    563 |     101 |       85 |
| 30/04/2023 |           198.843 |    410 |      74 |       86 |
| 31/05/2023 |           186.758 |    293 |      52 |       58 |
| 30/06/2023 |           186.204 |    371 |      79 |       79 |
| 31/07/2023 |           316.507 |    509 |      78 |      107 |
| 31/08/2023 |           290.26  |    391 |      52 |       73 |
| 30/09/2023 |           -10.733 |      0 |       0 |        2 |
================== SUMMARY METRICS ==================
| Metric                      | Value               |
|-----------------------------+---------------------|
| Backtesting from            | 2023-01-01 00:00:00 |
| Backtesting to              | 2023-09-01 00:00:00 |
| Max open trades             | 10                  |
|                             |                     |
| Total/Daily Avg Trades      | 5439 / 22.38        |
| Starting balance            | 1010 USDT           |
| Final balance               | 3511.554 USDT       |
| Absolute profit             | 2501.554 USDT       |
| Total profit %              | 247.68%             |
| CAGR %                      | 549.95%             |
| Sortino                     | 168.94              |
| Sharpe                      | 54.06               |
| Calmar                      | 261.28              |
| Profit factor               | 1.40                |
| Expectancy (Ratio)          | 0.46 (-0.08)        |
| Trades per day              | 22.38               |
| Avg. daily profit %         | 1.02%               |
| Avg. stake amount           | 99.87 USDT          |
| Total trade volume          | 543190.214 USDT     |
|                             |                     |
| Best Pair                   | RIF/USDT 99.07%     |
| Worst Pair                  | GHST/USDT -37.19%   |
| Best trade                  | AGLD/USDT 27.50%    |
| Worst trade                 | VGX/USDT -28.90%    |
| Best day                    | 111.261 USDT        |
| Worst day                   | -73.034 USDT        |
| Days win/draw/lose          | 179 / 0 / 65        |
| Avg. Duration Winners       | 0:47:00             |
| Avg. Duration Loser         | 7:34:00             |
| Max Consecutive Wins / Loss | 27 / 8              |
| Rejected Entry signals      | 6917                |
| Entry/Exit Timeouts         | 0 / 0               |
|                             |                     |
| Min balance                 | 1010 USDT           |
| Max balance                 | 3535.022 USDT       |
| Max % of account underwater | 8.34%               |
| Absolute Drawdown (Account) | 7.45%               |
| Absolute Drawdown           | 114.937 USDT        |
| Drawdown high               | 532.215 USDT        |
| Drawdown low                | 417.277 USDT        |
| Drawdown Start              | 2023-02-08 13:45:00 |
| Drawdown End                | 2023-02-10 18:53:00 |
| Market change               | 0.60%               |
=====================================================

Backtested 2023-01-01 00:00:00 -> 2023-09-01 00:00:00 | Max open trades : 10
======================================================================== STRATEGY SUMMARY ========================================================================
|   Strategy |   Entries |   Avg Profit % |   Cum Profit % |   Tot Profit USDT |   Tot Profit % |   Avg Duration |   Win  Draw  Loss  Win% |            Drawdown |
|------------+-----------+----------------+----------------+-------------------+----------------+----------------+-------------------------+---------------------|
|     abbas8 |      5439 |           0.46 |        2499.01 |          2501.554 |         247.68 |        2:44:00 |  3925   738   776  72.2 | 114.937 USDT  7.45% |
==================================================================================================================================================================